# unix_time, cycles_done, cur_path, paths_total, pending_total, pending_favs, map_size, unique_crashes, unique_hangs, max_depth, execs_per_sec
1481474197, 0, 0, 2, 2, 2, 0.43%, 0, 0, 1, 533.33
1481474202, 0, 0, 95, 95, 2, 0.65%, 0, 0, 2, 1119.26
1481474207, 0, 0, 109, 109, 2, 0.66%, 0, 0, 2, 1409.34
1481474212, 0, 0, 118, 118, 2, 0.66%, 0, 0, 2, 1382.36
1481474217, 0, 0, 122, 122, 2, 0.66%, 0, 0, 2, 1325.49
1481474222, 0, 0, 128, 128, 2, 0.66%, 0, 0, 2, 1326.09
1481474227, 0, 0, 132, 132, 2, 0.66%, 0, 0, 2, 1352.36
1481474232, 0, 1, 132, 131, 22, 0.66%, 0, 0, 2, 886.89
1481474237, 0, 1, 133, 132, 22, 0.66%, 0, 0, 2, 944.53
1481474243, 0, 1, 138, 137, 22, 0.66%, 0, 0, 2, 8.47
1481474248, 0, 1, 141, 140, 22, 0.66%, 0, 0, 2, 1098.52
1481474253, 0, 1, 143, 142, 22, 0.66%, 0, 0, 2, 1085.27
1481474258, 0, 1, 145, 144, 22, 0.66%, 0, 0, 2, 949.90
1481474263, 0, 6, 146, 144, 22, 0.66%, 0, 0, 2, 1165.75
1481474268, 0, 6, 148, 146, 22, 0.66%, 0, 0, 3, 1302.93
1481474273, 0, 6, 150, 148, 22, 0.66%, 0, 0, 3, 1280.16
1481474278, 0, 27, 151, 148, 22, 0.66%, 0, 0, 3, 1248.08
1481474283, 0, 29, 151, 147, 21, 0.66%, 0, 0, 3, 1269.72
1481474289, 0, 32, 151, 146, 20, 0.66%, 0, 0, 3, 1308.24
1481474294, 0, 32, 152, 147, 20, 0.66%, 0, 0, 3, 1380.72
1481474299, 0, 33, 155, 149, 19, 0.66%, 0, 0, 3, 1305.67
1481474304, 0, 33, 156, 150, 19, 0.66%, 0, 0, 3, 1391.80
1481474319, 0, 41, 157, 150, 18, 0.66%, 0, 0, 3, 1377.93
1481474324, 0, 46, 157, 149, 17, 0.66%, 0, 0, 3, 1337.21
1481474329, 0, 47, 158, 149, 16, 0.66%, 0, 0, 3, 1423.49
1481474334, 0, 66, 158, 147, 14, 0.66%, 0, 0, 3, 1437.66
1481474339, 0, 78, 159, 146, 12, 0.66%, 0, 0, 3, 1421.02
1481474344, 0, 78, 162, 149, 12, 0.66%, 0, 0, 3, 1451.31
1481474359, 0, 82, 163, 148, 10, 0.66%, 0, 0, 3, 1385.68
1481474365, 0, 82, 164, 149, 10, 0.66%, 0, 0, 3, 1259.80
1481474370, 0, 85, 166, 150, 9, 0.66%, 0, 0, 3, 1059.74
1481474375, 0, 85, 168, 152, 9, 0.66%, 0, 0, 3, 963.45
1481474385, 0, 86, 168, 151, 8, 0.66%, 0, 0, 3, 963.38
1481474390, 0, 86, 169, 152, 8, 0.66%, 0, 0, 3, 966.56
1481474395, 0, 86, 174, 157, 8, 0.66%, 0, 0, 3, 1136.45
1481474400, 0, 86, 175, 158, 8, 0.66%, 0, 0, 3, 1318.11
1481474405, 0, 86, 178, 161, 8, 0.66%, 0, 0, 3, 1387.78
1481474410, 0, 103, 178, 159, 6, 0.66%, 0, 0, 3, 1408.09
1481474420, 0, 105, 179, 159, 5, 0.66%, 0, 0, 3, 1125.00
1481474425, 0, 135, 179, 158, 4, 0.66%, 0, 0, 3, 1192.59
1481474436, 0, 135, 181, 160, 4, 0.66%, 0, 0, 3, 913.57
1481474441, 0, 135, 182, 161, 4, 0.66%, 0, 1, 3, 1306.28
1481474446, 0, 135, 183, 162, 4, 0.66%, 0, 2, 3, 1263.66
1481474451, 0, 135, 184, 163, 4, 0.66%, 0, 5, 3, 75.90
1481474456, 0, 135, 184, 163, 4, 0.66%, 0, 6, 3, 743.60
1481474462, 0, 135, 184, 163, 4, 0.66%, 0, 7, 3, 35.16
1481474468, 0, 135, 185, 164, 4, 0.66%, 0, 7, 3, 2.37
1481474478, 0, 149, 185, 163, 3, 0.66%, 0, 7, 3, 1302.25
1481474483, 0, 158, 186, 163, 2, 0.66%, 0, 7, 4, 1346.75
1481474488, 0, 158, 187, 164, 2, 0.66%, 0, 7, 4, 1409.23
1481474493, 0, 160, 187, 163, 1, 0.66%, 0, 7, 4, 1156.38
1481474499, 0, 160, 189, 165, 1, 0.66%, 0, 7, 4, 2.22
1481474504, 0, 160, 191, 167, 1, 0.66%, 0, 8, 4, 1035.16
1481474510, 0, 160, 192, 168, 1, 0.67%, 0, 8, 4, 950.22
1481474535, 0, 191, 195, 170, 1, 0.67%, 0, 8, 5, 1080.56
1481474545, 0, 191, 196, 171, 1, 0.67%, 0, 8, 5, 1409.10
1481474550, 0, 194, 197, 171, 2, 0.67%, 0, 8, 6, 1420.71
1481474556, 0, 195, 200, 173, 1, 0.68%, 0, 8, 6, 1323.69
1481474561, 0, 195, 202, 175, 1, 0.68%, 0, 8, 6, 1160.64
1481474566, 0, 195, 203, 176, 1, 0.68%, 0, 8, 6, 1298.42
1481474571, 0, 197, 204, 176, 2, 0.68%, 0, 8, 6, 1363.59
1481474576, 0, 197, 206, 178, 2, 0.68%, 0, 8, 7, 1463.40
1481474581, 0, 198, 206, 177, 1, 0.68%, 0, 8, 7, 1145.90
1481474591, 1, 11, 206, 176, 0, 0.68%, 0, 8, 7, 915.80
1481474596, 1, 17, 206, 175, 0, 0.68%, 0, 8, 7, 1004.77
1481474601, 1, 21, 206, 174, 0, 0.68%, 0, 8, 7, 1041.90
1481474606, 1, 22, 206, 173, 0, 0.68%, 0, 8, 7, 1137.01
1481474611, 1, 24, 206, 172, 0, 0.68%, 0, 8, 7, 1054.15
1481474616, 1, 26, 206, 171, 0, 0.68%, 0, 8, 7, 1151.89
1481474622, 1, 27, 206, 170, 0, 0.68%, 0, 8, 7, 1171.73
1481474627, 1, 34, 206, 170, 0, 0.68%, 0, 8, 7, 1298.79
1481474632, 1, 36, 206, 169, 0, 0.68%, 0, 8, 7, 1308.61
1481474637, 1, 41, 206, 167, 0, 0.68%, 0, 8, 7, 1409.54
1481474642, 1, 50, 206, 167, 0, 0.68%, 0, 8, 7, 1005.82
1481474647, 1, 52, 206, 166, 0, 0.68%, 0, 8, 7, 1062.13
1481474657, 1, 68, 206, 164, 0, 0.68%, 0, 8, 7, 1102.11
1481474662, 1, 75, 206, 163, 0, 0.68%, 0, 8, 7, 1106.27
1481474672, 1, 86, 206, 162, 0, 0.68%, 0, 8, 7, 1371.16
1481474678, 1, 88, 206, 162, 0, 0.68%, 0, 8, 7, 1036.59
1481474688, 1, 92, 206, 161, 0, 0.68%, 0, 8, 7, 748.20
1481474703, 1, 98, 206, 160, 0, 0.68%, 0, 8, 7, 956.00
1481474713, 1, 98, 207, 161, 0, 0.68%, 0, 8, 7, 1097.63
1481474718, 1, 99, 207, 160, 0, 0.68%, 0, 8, 7, 1210.21
1481474723, 1, 108, 207, 159, 0, 0.68%, 0, 8, 7, 1113.97
1481474733, 1, 110, 207, 158, 0, 0.68%, 0, 8, 7, 166.59
