# unix_time, cycles_done, cur_path, paths_total, pending_total, pending_favs, map_size, unique_crashes, unique_hangs, max_depth, execs_per_sec
1481419813, 0, 0, 2, 2, 2, 1.14%, 0, 0, 1, 168.42
1481419818, 0, 0, 41, 41, 2, 1.32%, 0, 0, 2, 315.14
1481419823, 0, 0, 80, 80, 2, 1.35%, 0, 0, 2, 519.26
1481419828, 0, 0, 114, 114, 2, 1.37%, 0, 0, 2, 873.60
1481419833, 0, 0, 132, 132, 2, 1.37%, 0, 0, 2, 1018.17
1481419838, 0, 0, 140, 140, 2, 1.38%, 0, 0, 2, 1100.01
1481419843, 0, 0, 147, 147, 2, 1.38%, 0, 0, 2, 1053.13
1481419848, 0, 0, 152, 152, 2, 1.38%, 0, 0, 2, 977.52
1481419853, 0, 0, 158, 158, 2, 1.38%, 0, 0, 2, 730.16
1481419858, 0, 4, 161, 160, 34, 1.38%, 0, 0, 3, 897.29
1481419863, 0, 21, 163, 161, 33, 1.38%, 0, 0, 3, 665.76
1481419869, 0, 21, 164, 162, 33, 1.38%, 0, 0, 3, 588.70
1481419874, 0, 21, 170, 168, 33, 1.38%, 0, 2, 3, 905.61
1481419879, 0, 21, 172, 170, 33, 1.38%, 0, 3, 3, 1063.41
1481419884, 0, 21, 175, 173, 33, 1.38%, 0, 3, 3, 1095.20
1481419889, 0, 21, 177, 175, 33, 1.38%, 0, 3, 3, 871.85
1481419894, 0, 21, 183, 181, 33, 1.38%, 0, 3, 3, 975.15
1481419900, 0, 21, 184, 182, 33, 1.38%, 0, 3, 3, 1022.39
1481419905, 0, 23, 186, 183, 30, 1.38%, 0, 3, 3, 560.93
1481419915, 0, 25, 189, 185, 30, 1.39%, 0, 3, 3, 379.81
1481419920, 0, 25, 192, 188, 30, 1.39%, 0, 3, 3, 503.42
1481419925, 0, 25, 196, 192, 30, 1.39%, 0, 3, 3, 965.88
1481419930, 0, 25, 199, 195, 30, 1.40%, 0, 3, 3, 1018.27
1481419935, 0, 25, 200, 196, 30, 1.40%, 0, 3, 3, 1067.57
1481419940, 0, 25, 201, 197, 30, 1.40%, 0, 3, 3, 1046.57
1481419945, 0, 28, 202, 197, 32, 1.40%, 0, 3, 3, 686.55
1481419950, 0, 28, 203, 198, 32, 1.40%, 0, 3, 3, 567.11
1481419956, 0, 28, 205, 200, 32, 1.40%, 0, 3, 3, 947.98
1481419961, 0, 28, 210, 205, 32, 1.40%, 0, 3, 3, 960.29
1481419966, 0, 28, 212, 207, 32, 1.40%, 0, 3, 3, 935.03
1481419971, 0, 28, 217, 212, 32, 1.40%, 0, 3, 3, 922.98
1481419976, 0, 28, 218, 213, 32, 1.41%, 0, 3, 3, 1022.61
1481419981, 0, 28, 221, 216, 32, 1.41%, 0, 3, 3, 1012.12
1481419986, 0, 38, 222, 215, 32, 1.41%, 0, 3, 3, 1012.13
1481419996, 0, 39, 223, 215, 31, 1.41%, 0, 5, 3, 443.74
1481420001, 0, 39, 226, 218, 31, 1.42%, 0, 5, 3, 390.98
1481420006, 0, 39, 232, 224, 31, 1.42%, 0, 5, 3, 776.55
1481420011, 0, 39, 235, 227, 31, 1.42%, 0, 5, 3, 994.54
1481420016, 0, 39, 237, 229, 31, 1.43%, 0, 5, 3, 990.24
1481420022, 0, 39, 238, 230, 31, 1.43%, 0, 5, 3, 986.39
1481420027, 0, 39, 242, 234, 31, 1.43%, 0, 5, 3, 1040.09
1481420032, 0, 39, 243, 235, 31, 1.43%, 0, 5, 3, 1073.78
1481420037, 0, 44, 245, 236, 33, 1.43%, 0, 5, 3, 835.67
1481420047, 0, 48, 245, 235, 32, 1.43%, 0, 5, 3, 1033.14
1481420052, 0, 52, 245, 234, 31, 1.43%, 0, 5, 3, 263.66
1481420062, 0, 70, 247, 234, 29, 1.43%, 0, 5, 3, 991.34
1481420067, 0, 87, 247, 232, 27, 1.43%, 0, 5, 3, 186.89
1481420088, 0, 87, 248, 233, 27, 1.43%, 0, 5, 3, 231.42
1481420093, 0, 87, 252, 237, 27, 1.43%, 0, 5, 3, 628.58
1481420108, 0, 87, 254, 239, 27, 1.43%, 0, 5, 3, 745.26
1481420113, 0, 87, 256, 241, 27, 1.43%, 0, 5, 3, 729.83
1481420118, 0, 87, 259, 244, 27, 1.43%, 0, 5, 3, 766.44
1481420123, 0, 87, 262, 247, 27, 1.43%, 0, 5, 3, 751.03
1481420128, 0, 87, 264, 249, 27, 1.43%, 0, 5, 3, 786.15
1481420133, 0, 96, 264, 248, 28, 1.43%, 0, 5, 3, 1012.41
1481420139, 0, 100, 264, 247, 27, 1.43%, 0, 5, 3, 609.38
1481420144, 0, 108, 264, 246, 26, 1.43%, 0, 5, 3, 592.08
1481420164, 0, 108, 266, 248, 26, 1.43%, 0, 5, 3, 332.72
1481420169, 0, 108, 271, 253, 26, 1.43%, 0, 5, 3, 617.70
1481420174, 0, 108, 272, 254, 26, 1.43%, 0, 5, 3, 649.52
1481420179, 0, 108, 277, 259, 26, 1.43%, 0, 5, 3, 638.04
1481420184, 0, 108, 278, 260, 26, 1.43%, 0, 5, 3, 562.66
1481420189, 0, 108, 280, 262, 26, 1.43%, 0, 5, 3, 606.60
1481420194, 0, 108, 282, 264, 26, 1.43%, 0, 5, 3, 686.34
1481420200, 0, 108, 284, 266, 26, 1.43%, 0, 5, 3, 676.94
1481420210, 0, 108, 286, 268, 26, 1.43%, 0, 5, 3, 684.27
1481420215, 0, 111, 288, 269, 27, 1.43%, 0, 5, 3, 726.37
1481420225, 0, 111, 292, 273, 27, 1.43%, 0, 5, 3, 865.41
1481420230, 0, 111, 294, 275, 27, 1.43%, 0, 5, 3, 914.20
1481420235, 0, 111, 294, 275, 27, 1.43%, 0, 8, 3, 947.17
1481420240, 0, 111, 295, 276, 27, 1.43%, 0, 8, 3, 1056.17
1481420250, 0, 117, 296, 276, 26, 1.43%, 0, 9, 3, 153.52
1481420281, 0, 117, 299, 279, 26, 1.43%, 0, 9, 3, 212.28
1481420286, 0, 117, 304, 284, 26, 1.43%, 0, 9, 3, 419.65
1481420291, 0, 117, 306, 286, 26, 1.43%, 0, 9, 3, 495.81
1481420296, 0, 117, 310, 290, 26, 1.43%, 0, 9, 3, 528.47
1481420301, 0, 117, 311, 291, 26, 1.43%, 0, 9, 3, 496.83
1481420321, 0, 117, 313, 293, 26, 1.43%, 0, 9, 3, 478.90
1481420332, 0, 117, 314, 294, 26, 1.43%, 0, 9, 3, 495.89
1481420342, 0, 117, 316, 296, 26, 1.43%, 0, 9, 3, 678.67
1481420347, 0, 120, 316, 295, 25, 1.43%, 0, 9, 3, 376.40
1481420357, 0, 120, 316, 295, 25, 1.43%, 0, 10, 3, 212.33
1481420372, 0, 135, 316, 294, 25, 1.43%, 0, 10, 3, 317.17
1481420387, 0, 135, 317, 295, 25, 1.43%, 0, 10, 3, 547.46
1481420393, 0, 154, 317, 294, 24, 1.43%, 0, 10, 3, 955.33
1481420398, 0, 155, 317, 293, 23, 1.43%, 0, 10, 3, 626.20
1481420403, 0, 175, 318, 293, 22, 1.43%, 0, 10, 4, 516.27
1481420413, 0, 175, 319, 294, 22, 1.43%, 0, 10, 4, 308.74
1481420428, 0, 175, 321, 296, 22, 1.43%, 0, 10, 4, 483.68
1481420434, 0, 175, 323, 298, 22, 1.43%, 0, 10, 4, 705.23
1481420444, 0, 175, 325, 300, 22, 1.43%, 0, 10, 4, 691.93
1481420449, 0, 175, 327, 302, 22, 1.43%, 0, 10, 4, 698.79
1481420459, 0, 175, 328, 303, 22, 1.43%, 0, 10, 4, 701.03
1481420469, 0, 175, 329, 304, 22, 1.43%, 0, 10, 4, 695.71
1481420474, 0, 177, 331, 305, 22, 1.43%, 0, 10, 4, 531.19
1481420490, 0, 183, 331, 304, 21, 1.43%, 0, 10, 4, 376.65
1481420515, 0, 185, 331, 303, 21, 1.43%, 0, 10, 4, 400.46
1481420525, 0, 186, 331, 302, 20, 1.43%, 0, 10, 4, 498.94
1481420536, 0, 187, 331, 301, 19, 1.43%, 0, 10, 4, 527.08
1481420546, 0, 192, 331, 300, 18, 1.43%, 0, 10, 4, 395.11
1481420561, 0, 198, 331, 299, 17, 1.43%, 0, 10, 4, 374.20
1481420581, 0, 199, 331, 298, 16, 1.43%, 0, 10, 4, 438.91
1481420602, 0, 199, 332, 299, 16, 1.43%, 0, 10, 4, 375.82
1481420607, 0, 205, 333, 299, 15, 1.43%, 0, 10, 4, 347.20
1481420622, 0, 210, 333, 298, 14, 1.43%, 0, 10, 4, 326.97
1481420648, 0, 215, 335, 299, 13, 1.43%, 0, 10, 4, 353.33
1481420658, 0, 225, 335, 298, 13, 1.43%, 0, 10, 4, 452.47
1481420663, 0, 225, 336, 299, 13, 1.44%, 0, 10, 4, 368.85
1481420668, 0, 225, 339, 302, 13, 1.44%, 0, 10, 4, 710.43
1481420673, 0, 225, 342, 305, 13, 1.44%, 0, 10, 4, 931.75
1481420678, 0, 225, 343, 306, 13, 1.44%, 0, 10, 4, 1000.73
1481420694, 0, 232, 343, 305, 14, 1.44%, 0, 10, 4, 588.93
1481420704, 0, 235, 343, 304, 13, 1.44%, 0, 10, 4, 92.83
1481420719, 0, 235, 344, 305, 13, 1.44%, 0, 10, 4, 347.53
1481420724, 0, 235, 345, 306, 13, 1.44%, 0, 10, 4, 482.86
1481420729, 0, 236, 347, 307, 12, 1.44%, 0, 10, 4, 100.95
1481420745, 0, 236, 352, 312, 12, 1.44%, 0, 10, 4, 560.98
1481420750, 0, 236, 353, 313, 12, 1.44%, 0, 10, 4, 861.49
1481420760, 0, 236, 354, 314, 12, 1.44%, 0, 10, 4, 966.03
1481420765, 0, 236, 356, 316, 12, 1.44%, 0, 10, 4, 994.57
1481420775, 0, 236, 357, 317, 12, 1.44%, 0, 10, 4, 801.31
1481420780, 0, 237, 357, 316, 11, 1.44%, 0, 10, 4, 1036.41
1481420790, 0, 242, 357, 315, 10, 1.44%, 0, 10, 4, 478.05
1481420800, 0, 257, 357, 314, 9, 1.44%, 0, 10, 4, 322.51
1481420811, 0, 257, 358, 315, 9, 1.44%, 0, 10, 4, 237.49
1481420836, 0, 257, 358, 315, 9, 1.44%, 0, 12, 4, 323.63
1481420841, 0, 321, 360, 316, 10, 1.44%, 0, 12, 5, 245.91
1481420846, 0, 321, 361, 317, 10, 1.44%, 0, 12, 5, 235.49
1481420897, 0, 321, 366, 322, 10, 1.44%, 0, 12, 5, 409.79
1481420902, 0, 321, 368, 324, 10, 1.44%, 0, 12, 5, 448.17
1481420907, 0, 321, 369, 325, 10, 1.44%, 0, 12, 5, 428.70
1481420912, 0, 321, 370, 326, 10, 1.44%, 0, 12, 5, 501.93
1481420917, 0, 321, 371, 327, 10, 1.44%, 0, 12, 5, 510.75
1481420922, 0, 321, 374, 330, 10, 1.44%, 0, 12, 5, 514.27
1481420932, 0, 321, 375, 331, 10, 1.44%, 0, 12, 5, 532.03
1481420938, 0, 321, 377, 333, 10, 1.44%, 0, 12, 5, 529.46
1481420958, 0, 333, 377, 332, 10, 1.44%, 0, 13, 5, 424.51
1481420963, 0, 333, 378, 333, 10, 1.44%, 0, 13, 5, 408.43
1481420968, 0, 333, 381, 336, 10, 1.44%, 0, 13, 5, 775.58
1481420983, 0, 334, 381, 335, 9, 1.44%, 0, 13, 5, 178.38
1481420994, 0, 334, 383, 337, 9, 1.44%, 0, 13, 5, 765.74
1481420999, 0, 335, 383, 336, 9, 1.44%, 0, 13, 5, 633.06
1481421009, 0, 338, 384, 336, 8, 1.44%, 0, 13, 5, 715.91
1481421014, 0, 338, 385, 337, 8, 1.44%, 0, 13, 5, 405.16
1481421040, 0, 357, 385, 336, 8, 1.44%, 0, 13, 5, 313.22
1481421076, 0, 357, 386, 337, 8, 1.44%, 0, 14, 5, 390.51
1481421081, 0, 364, 386, 336, 7, 1.44%, 0, 14, 5, 513.39
1481421131, 0, 364, 387, 337, 7, 1.44%, 0, 14, 6, 377.47
1481421136, 0, 364, 389, 339, 7, 1.44%, 0, 14, 6, 467.22
1481421147, 0, 364, 391, 341, 7, 1.44%, 0, 14, 6, 573.50
1481421152, 0, 364, 392, 342, 7, 1.44%, 0, 14, 6, 544.83
1481421192, 0, 374, 392, 341, 6, 1.44%, 0, 15, 6, 323.60
1481421218, 0, 374, 393, 342, 6, 1.44%, 0, 15, 6, 179.11
1481421289, 0, 374, 394, 343, 6, 1.44%, 0, 15, 6, 201.24
1481421294, 0, 374, 399, 348, 6, 1.44%, 0, 15, 6, 420.29
1481421299, 0, 374, 401, 350, 6, 1.44%, 0, 15, 6, 452.53
1481421314, 0, 374, 402, 351, 6, 1.44%, 0, 16, 6, 454.01
1481421324, 0, 374, 404, 353, 6, 1.44%, 0, 16, 6, 494.19
1481421329, 0, 374, 405, 354, 6, 1.44%, 0, 16, 6, 515.34
1481421334, 0, 374, 406, 355, 6, 1.44%, 0, 16, 6, 506.02
1481421340, 0, 374, 408, 357, 6, 1.45%, 0, 16, 6, 497.56
1481421350, 0, 374, 409, 358, 6, 1.45%, 0, 16, 6, 483.24
1481421360, 0, 382, 409, 357, 8, 1.45%, 0, 16, 6, 374.77
1481421375, 0, 382, 411, 359, 8, 1.45%, 0, 16, 6, 532.17
1481421385, 0, 384, 411, 358, 7, 1.45%, 0, 16, 6, 541.50
1481421411, 0, 384, 413, 360, 7, 1.45%, 0, 16, 6, 585.47
1481421416, 0, 384, 414, 361, 7, 1.45%, 0, 16, 6, 754.80
1481421431, 0, 384, 415, 362, 7, 1.45%, 0, 16, 6, 809.26
1481421441, 0, 384, 416, 363, 7, 1.45%, 0, 16, 6, 702.53
1481421446, 0, 384, 417, 364, 7, 1.45%, 0, 16, 6, 698.44
1481421452, 0, 392, 417, 363, 6, 1.45%, 0, 16, 6, 599.02
1481421548, 0, 406, 417, 362, 5, 1.45%, 0, 16, 6, 503.02
1481421553, 0, 406, 417, 362, 5, 1.45%, 0, 17, 6, 794.89
1481421563, 0, 406, 421, 366, 5, 1.45%, 0, 17, 7, 1032.33
1481421569, 0, 406, 422, 367, 5, 1.45%, 0, 17, 7, 1053.24
1481421584, 0, 406, 423, 368, 5, 1.46%, 0, 17, 7, 1020.76
1481421589, 0, 422, 425, 369, 5, 1.47%, 0, 17, 8, 932.14
1481421604, 0, 422, 429, 373, 5, 1.47%, 0, 17, 8, 1110.69
1481421609, 0, 422, 430, 374, 5, 1.47%, 0, 17, 8, 1126.73
1481421624, 0, 423, 430, 373, 7, 1.47%, 0, 17, 8, 1075.34
1481421639, 0, 423, 433, 376, 7, 1.47%, 0, 17, 9, 957.39
1481421650, 0, 423, 434, 377, 7, 1.47%, 0, 17, 9, 1031.40
1481421655, 0, 423, 435, 378, 7, 1.47%, 0, 17, 9, 1029.36
1481421660, 0, 426, 435, 377, 6, 1.47%, 0, 17, 9, 1074.85
1481421670, 0, 426, 437, 379, 6, 1.47%, 0, 17, 9, 1118.32
1481421680, 0, 426, 438, 380, 6, 1.47%, 0, 17, 9, 1181.25
1481421685, 0, 428, 438, 379, 5, 1.47%, 0, 17, 9, 1038.41
1481421700, 1, 46, 438, 378, 4, 1.47%, 0, 17, 9, 810.69
1481421711, 1, 51, 438, 377, 3, 1.47%, 0, 17, 9, 513.83
1481421721, 1, 86, 438, 376, 2, 1.47%, 0, 17, 9, 470.63
1481421731, 1, 123, 438, 375, 1, 1.47%, 0, 17, 9, 515.15
1481421757, 1, 126, 438, 374, 0, 1.47%, 0, 17, 9, 303.93
1481421782, 1, 126, 440, 376, 0, 1.47%, 0, 17, 9, 533.18
1481421787, 1, 133, 440, 375, 0, 1.47%, 0, 17, 9, 362.64
1481421792, 1, 133, 440, 375, 0, 1.47%, 0, 18, 9, 246.58
1481421807, 1, 137, 441, 375, 0, 1.47%, 0, 18, 9, 503.53
1481421879, 1, 137, 448, 382, 0, 1.47%, 0, 18, 9, 454.73
1481421884, 1, 137, 450, 384, 0, 1.47%, 0, 18, 9, 519.96
1481421889, 1, 137, 451, 385, 0, 1.47%, 0, 18, 9, 432.90
1481421899, 1, 137, 454, 388, 0, 1.47%, 0, 18, 9, 535.94
1481421904, 1, 137, 455, 389, 0, 1.47%, 0, 18, 9, 539.83
1481421909, 1, 137, 458, 392, 0, 1.47%, 0, 18, 9, 555.15
1481421940, 1, 139, 458, 391, 0, 1.47%, 0, 18, 9, 877.51
1481421950, 1, 143, 458, 390, 0, 1.47%, 0, 18, 9, 141.94
1481422017, 1, 147, 458, 389, 0, 1.47%, 0, 18, 9, 369.69
1481422027, 1, 148, 458, 388, 0, 1.47%, 0, 18, 9, 173.07
1481422063, 1, 149, 458, 387, 0, 1.47%, 0, 18, 9, 293.00
1481422073, 1, 164, 458, 386, 0, 1.47%, 0, 18, 9, 318.01
1481422088, 1, 167, 458, 385, 0, 1.47%, 0, 18, 9, 262.91
1481422145, 1, 169, 458, 384, 0, 1.47%, 0, 18, 9, 347.44
1481422165, 1, 174, 458, 383, 0, 1.47%, 0, 18, 9, 603.86
1481422170, 1, 176, 459, 383, 0, 1.47%, 0, 18, 9, 936.10
1481422191, 1, 177, 460, 383, 0, 1.47%, 0, 18, 9, 1089.13
1481422196, 1, 194, 461, 384, 0, 1.47%, 0, 18, 9, 1146.04
1481422201, 1, 196, 461, 383, 0, 1.47%, 0, 18, 9, 201.37
1481422272, 1, 196, 461, 383, 0, 1.47%, 0, 19, 9, 191.51
1481422303, 1, 203, 461, 382, 0, 1.47%, 0, 19, 9, 365.80
1481422329, 1, 208, 463, 383, 0, 1.47%, 0, 19, 9, 318.20
1481422334, 1, 208, 464, 384, 0, 1.47%, 0, 19, 9, 290.83
1481422365, 1, 208, 466, 386, 0, 1.47%, 0, 19, 9, 180.61
1481422375, 1, 208, 471, 391, 0, 1.47%, 0, 19, 9, 454.88
1481422385, 1, 208, 474, 394, 0, 1.47%, 0, 19, 9, 411.06
1481422396, 1, 208, 475, 395, 0, 1.47%, 0, 19, 9, 517.40
1481422411, 1, 208, 478, 398, 0, 1.47%, 0, 19, 9, 665.42
1481422416, 1, 214, 478, 397, 0, 1.47%, 0, 19, 9, 628.47
1481422442, 1, 216, 478, 396, 0, 1.47%, 0, 19, 9, 350.09
1481422462, 1, 218, 478, 395, 0, 1.47%, 0, 19, 9, 383.69
1481422487, 1, 231, 478, 394, 0, 1.47%, 0, 19, 9, 357.30
1481422508, 1, 231, 479, 395, 0, 1.47%, 0, 19, 9, 302.41
1481422513, 1, 233, 479, 394, 0, 1.47%, 0, 19, 9, 374.93
1481422579, 1, 233, 481, 396, 0, 1.47%, 0, 19, 9, 357.05
1481422589, 1, 239, 481, 395, 0, 1.47%, 0, 19, 9, 354.50
1481422630, 1, 239, 481, 395, 0, 1.47%, 0, 20, 9, 220.92
1481422640, 1, 239, 483, 397, 0, 1.47%, 0, 20, 9, 564.85
1481422646, 1, 239, 486, 400, 0, 1.47%, 0, 20, 9, 650.29
1481422656, 1, 239, 488, 402, 0, 1.47%, 0, 20, 9, 686.56
1481422666, 1, 239, 489, 403, 0, 1.47%, 0, 20, 9, 646.89
1481422671, 1, 239, 490, 404, 0, 1.47%, 0, 20, 9, 682.40
1481422676, 1, 239, 491, 405, 0, 1.47%, 0, 20, 9, 682.85
1481422681, 1, 239, 492, 406, 0, 1.47%, 0, 20, 9, 670.58
1481422686, 1, 245, 493, 406, 0, 1.47%, 0, 20, 9, 545.45
1481422722, 1, 248, 493, 405, 0, 1.47%, 0, 20, 9, 284.88
1481422778, 1, 251, 493, 404, 0, 1.47%, 0, 20, 9, 255.51
1481422860, 1, 254, 493, 403, 0, 1.47%, 0, 20, 9, 261.12
1481422905, 1, 262, 493, 402, 0, 1.47%, 0, 20, 9, 291.40
1481422977, 1, 265, 493, 401, 0, 1.47%, 0, 20, 9, 343.50
1481422992, 1, 265, 493, 401, 0, 1.47%, 0, 21, 9, 220.55
1481423090, 1, 268, 493, 400, 0, 1.47%, 0, 21, 9, 285.11
1481423166, 1, 271, 493, 399, 0, 1.47%, 0, 21, 9, 270.03
1481423176, 1, 271, 494, 400, 0, 1.47%, 0, 21, 9, 229.58
1481423217, 1, 271, 500, 406, 0, 1.47%, 0, 21, 9, 446.85
1481423222, 1, 271, 501, 407, 0, 1.47%, 0, 21, 9, 526.76
1481423227, 1, 271, 504, 410, 0, 1.47%, 0, 21, 9, 536.67
1481423232, 1, 271, 507, 413, 0, 1.47%, 0, 21, 9, 525.78
1481423237, 1, 271, 508, 414, 0, 1.48%, 0, 21, 9, 536.98
1481423242, 1, 271, 509, 415, 0, 1.48%, 0, 21, 9, 529.21
1481423257, 1, 271, 511, 417, 0, 1.48%, 0, 21, 9, 544.14
1481423263, 1, 286, 511, 416, 1, 1.48%, 0, 21, 9, 341.89
1481423334, 1, 435, 511, 415, 1, 1.48%, 0, 21, 9, 667.07
1481423350, 1, 435, 511, 415, 1, 1.48%, 0, 22, 9, 1069.33
1481423355, 1, 435, 514, 418, 1, 1.48%, 0, 23, 10, 1040.30
1481423370, 1, 507, 514, 417, 1, 1.48%, 0, 23, 10, 1155.84
1481423380, 1, 507, 515, 418, 1, 1.48%, 0, 23, 10, 1173.22
1481423416, 1, 507, 517, 420, 1, 1.48%, 0, 23, 10, 1151.03
1481423426, 1, 507, 518, 421, 1, 1.48%, 0, 23, 10, 1172.03
1481423436, 1, 514, 518, 420, 2, 1.48%, 0, 23, 10, 202.99
1481423472, 1, 514, 518, 420, 2, 1.48%, 0, 24, 10, 199.97
1481423718, 1, 514, 519, 421, 2, 1.48%, 0, 24, 10, 236.42
1481423723, 1, 514, 520, 422, 2, 1.48%, 0, 24, 10, 321.49
1481423729, 1, 514, 523, 425, 2, 1.48%, 0, 24, 10, 319.99
1481423744, 1, 514, 524, 426, 2, 1.48%, 0, 24, 10, 332.50
1481423759, 1, 514, 525, 427, 2, 1.48%, 0, 24, 10, 336.71
1481423769, 1, 514, 526, 428, 2, 1.48%, 0, 24, 10, 327.42
1481423810, 1, 514, 527, 429, 2, 1.48%, 0, 24, 10, 347.68
1481423815, 1, 517, 527, 428, 3, 1.48%, 0, 24, 10, 644.89
1481423836, 1, 517, 529, 430, 3, 1.48%, 0, 24, 10, 963.50
1481423846, 1, 523, 529, 429, 2, 1.48%, 0, 24, 10, 436.97
1481424072, 1, 523, 529, 429, 2, 1.48%, 0, 26, 10, 326.58
1481424077, 2, 15, 529, 428, 1, 1.48%, 0, 26, 10, 342.50
1481424087, 2, 37, 529, 427, 1, 1.48%, 0, 26, 10, 541.96
1481424097, 2, 224, 529, 426, 1, 1.48%, 0, 26, 10, 552.38
1481424108, 2, 229, 529, 425, 0, 1.48%, 0, 26, 10, 556.09
1481424164, 2, 230, 529, 424, 0, 1.48%, 0, 26, 10, 279.58
1481424195, 2, 244, 529, 423, 0, 1.48%, 0, 26, 10, 379.24
1481424220, 2, 306, 530, 423, 1, 1.50%, 0, 26, 10, 425.61
1481424271, 2, 328, 530, 422, 1, 1.50%, 0, 26, 10, 313.97
1481424317, 2, 328, 530, 422, 1, 1.50%, 0, 27, 10, 199.61
1481424332, 2, 339, 530, 421, 1, 1.50%, 0, 27, 10, 440.89
1481424353, 2, 368, 530, 420, 1, 1.50%, 0, 27, 10, 402.37
1481424419, 2, 368, 532, 422, 1, 1.50%, 0, 27, 10, 440.56
1481424424, 2, 368, 533, 423, 1, 1.50%, 0, 27, 10, 507.34
1481424429, 2, 368, 534, 424, 1, 1.50%, 0, 27, 10, 554.88
1481424435, 2, 368, 535, 425, 1, 1.50%, 0, 27, 10, 503.60
1481424440, 2, 368, 536, 426, 1, 1.50%, 0, 27, 10, 533.67
1481424450, 2, 368, 537, 427, 1, 1.50%, 0, 27, 10, 523.90
1481424465, 2, 421, 537, 426, 1, 1.50%, 0, 27, 10, 847.17
1481424496, 2, 421, 541, 430, 1, 1.51%, 0, 27, 10, 1047.65
1481424501, 2, 421, 543, 432, 1, 1.51%, 0, 27, 10, 1069.25
1481424506, 2, 421, 544, 433, 1, 1.51%, 0, 27, 10, 994.57
1481424516, 2, 529, 545, 433, 3, 1.51%, 0, 27, 10, 999.92
1481424521, 2, 529, 547, 435, 3, 1.52%, 0, 27, 10, 989.58
1481424537, 2, 529, 548, 436, 3, 1.52%, 0, 27, 10, 928.50
1481424542, 2, 529, 549, 437, 3, 1.52%, 0, 27, 10, 925.52
1481424557, 2, 529, 549, 437, 3, 1.52%, 0, 28, 10, 933.55
1481424582, 2, 529, 550, 438, 3, 1.52%, 0, 28, 10, 962.84
1481424587, 2, 529, 562, 450, 3, 1.52%, 0, 28, 10, 936.60
1481424592, 2, 529, 566, 454, 3, 1.52%, 0, 28, 10, 956.35
1481424598, 2, 529, 569, 457, 3, 1.52%, 0, 28, 10, 907.89
1481424603, 2, 529, 573, 461, 3, 1.52%, 0, 28, 10, 904.47
1481424613, 2, 539, 573, 460, 9, 1.52%, 0, 28, 10, 955.91
1481424679, 2, 540, 573, 459, 8, 1.52%, 0, 28, 10, 1002.83
1481424796, 2, 540, 573, 459, 8, 1.52%, 0, 29, 10, 929.16
1481424816, 2, 540, 575, 461, 8, 1.52%, 0, 29, 10, 976.89
1481424827, 2, 540, 576, 462, 8, 1.52%, 0, 29, 10, 940.00
1481424832, 2, 540, 577, 463, 8, 1.52%, 0, 29, 10, 923.22
1481424837, 2, 544, 578, 463, 7, 1.52%, 0, 29, 10, 927.69
1481424913, 2, 545, 578, 462, 6, 1.52%, 0, 30, 10, 937.44
1481424969, 2, 546, 578, 461, 5, 1.52%, 0, 30, 10, 959.57
1481425030, 2, 546, 580, 463, 5, 1.52%, 0, 30, 10, 1001.32
1481425050, 2, 547, 580, 462, 4, 1.52%, 0, 30, 10, 1031.57
1481425101, 2, 547, 581, 463, 4, 1.52%, 0, 30, 10, 1001.06
1481425106, 2, 547, 582, 464, 4, 1.52%, 0, 30, 10, 959.95
1481425121, 2, 548, 582, 463, 3, 1.52%, 0, 30, 10, 972.66
1481425152, 2, 548, 582, 463, 3, 1.52%, 0, 31, 10, 891.07
1481425178, 2, 559, 582, 462, 2, 1.52%, 0, 31, 10, 984.79
1481425260, 2, 562, 583, 462, 1, 1.52%, 0, 31, 10, 852.14
1481425275, 2, 562, 583, 462, 1, 1.52%, 0, 32, 10, 876.48
1481425280, 2, 562, 584, 463, 1, 1.52%, 0, 32, 10, 910.58
1481425331, 2, 562, 585, 464, 1, 1.52%, 0, 32, 10, 871.76
1481425336, 2, 570, 585, 463, 0, 1.52%, 0, 32, 10, 851.16
1481425448, 2, 579, 585, 462, 0, 1.52%, 0, 32, 10, 912.84
1481425453, 2, 579, 586, 463, 0, 1.52%, 0, 32, 10, 835.46
1481425518, 2, 579, 586, 463, 0, 1.52%, 0, 33, 10, 724.80
1481425605, 2, 580, 586, 462, 0, 1.52%, 0, 33, 10, 697.34
1481425838, 2, 580, 589, 465, 0, 1.52%, 0, 33, 10, 654.12
1481425843, 2, 580, 590, 466, 0, 1.52%, 0, 33, 10, 672.15
1481425853, 2, 580, 592, 468, 0, 1.52%, 0, 33, 10, 686.13
1481425858, 2, 580, 593, 469, 0, 1.52%, 0, 33, 10, 709.64
1481425864, 2, 580, 594, 470, 0, 1.52%, 0, 33, 10, 758.12
1481425879, 2, 580, 596, 472, 0, 1.52%, 0, 33, 10, 810.42
1481425884, 2, 582, 596, 471, 0, 1.52%, 0, 33, 10, 344.49
1481425894, 2, 582, 597, 472, 0, 1.52%, 0, 33, 10, 163.09
1481425945, 2, 582, 598, 473, 0, 1.52%, 0, 33, 10, 154.49
