# unix_time, cycles_done, cur_path, paths_total, pending_total, pending_favs, map_size, unique_crashes, unique_hangs, max_depth, execs_per_sec
1483499851, 0, 0, 1158, 1158, 211, 4.01%, 0, 0, 1, 502.47
1483499856, 0, 3, 1159, 1157, 210, 4.01%, 0, 0, 2, 1559.46
1483499866, 0, 4, 1159, 1156, 209, 4.01%, 0, 0, 2, 1725.86
1483499871, 0, 6, 1159, 1154, 207, 4.01%, 0, 0, 2, 1999.94
1483499876, 0, 8, 1159, 1153, 206, 4.01%, 0, 0, 2, 1843.65
1483499881, 0, 13, 1159, 1150, 203, 4.01%, 0, 0, 2, 1767.17
1483499886, 0, 14, 1159, 1149, 202, 4.01%, 0, 0, 2, 1721.21
1483499897, 0, 30, 1160, 1149, 201, 4.01%, 0, 0, 2, 1457.92
1483499902, 0, 30, 1161, 1150, 201, 4.01%, 0, 0, 2, 1387.18
1483499907, 0, 30, 1162, 1151, 201, 4.01%, 0, 0, 2, 1431.55
1483499912, 0, 31, 1162, 1150, 200, 4.01%, 0, 0, 2, 1623.85
1483499922, 0, 33, 1162, 1149, 199, 4.01%, 0, 0, 2, 1461.63
1483499932, 0, 34, 1162, 1148, 198, 4.01%, 0, 0, 2, 1693.12
1483499937, 0, 35, 1162, 1147, 197, 4.01%, 0, 0, 2, 1734.20
1483499942, 0, 36, 1162, 1146, 196, 4.01%, 0, 0, 2, 1720.04
1483499952, 0, 37, 1162, 1145, 195, 4.01%, 0, 0, 2, 1665.34
1483499957, 0, 38, 1162, 1144, 194, 4.01%, 0, 0, 2, 1562.93
1483499973, 0, 42, 1162, 1143, 193, 4.01%, 0, 0, 2, 1436.04
1483499983, 0, 46, 1162, 1142, 192, 4.01%, 0, 0, 2, 1493.89
1483499993, 0, 48, 1162, 1141, 191, 4.01%, 0, 0, 2, 1666.98
1483500003, 0, 49, 1162, 1140, 190, 4.01%, 0, 0, 2, 1641.17
1483500008, 0, 51, 1162, 1139, 189, 4.01%, 0, 0, 2, 1595.24
1483500013, 0, 57, 1162, 1138, 188, 4.01%, 0, 0, 2, 1634.66
1483500018, 0, 66, 1162, 1137, 187, 4.01%, 0, 0, 2, 1742.69
1483500028, 0, 67, 1162, 1136, 186, 4.01%, 0, 0, 2, 1572.90
1483500038, 0, 70, 1162, 1135, 185, 4.01%, 0, 0, 2, 1441.93
1483500054, 0, 87, 1163, 1135, 184, 4.01%, 0, 0, 2, 1505.04
1483500059, 0, 88, 1163, 1134, 183, 4.01%, 0, 0, 2, 1543.40
1483500064, 0, 90, 1163, 1133, 182, 4.01%, 0, 0, 2, 1595.97
1483500079, 0, 103, 1163, 1132, 181, 4.01%, 0, 0, 2, 1484.66
1483500126, 0, 108, 1163, 1131, 180, 4.01%, 0, 0, 2, 1211.46
1483500167, 0, 112, 1163, 1130, 179, 4.01%, 0, 0, 2, 1321.89
1483500172, 0, 116, 1163, 1129, 178, 4.01%, 0, 0, 2, 1702.00
1483500177, 0, 117, 1163, 1128, 177, 4.01%, 0, 0, 2, 1657.52
1483500187, 0, 118, 1163, 1127, 176, 4.01%, 0, 0, 2, 1578.51
1483500193, 0, 121, 1163, 1126, 175, 4.01%, 0, 0, 2, 1521.89
1483500203, 0, 133, 1163, 1125, 174, 4.01%, 0, 0, 2, 1502.65
1483500213, 0, 134, 1163, 1124, 173, 4.01%, 0, 0, 2, 1730.55
1483500233, 0, 135, 1163, 1123, 172, 4.01%, 0, 0, 2, 1462.35
1483500238, 0, 137, 1163, 1122, 171, 4.01%, 0, 0, 2, 1457.93
1483500248, 0, 138, 1163, 1121, 170, 4.01%, 0, 0, 2, 1372.93
1483500259, 0, 143, 1163, 1120, 169, 4.01%, 0, 0, 2, 1421.18
1483500269, 0, 147, 1163, 1119, 168, 4.01%, 0, 0, 2, 1568.79
1483500274, 0, 154, 1163, 1118, 167, 4.01%, 0, 0, 2, 1543.39
1483500284, 0, 155, 1163, 1117, 166, 4.01%, 0, 0, 2, 1457.88
1483500289, 0, 160, 1163, 1116, 165, 4.01%, 0, 0, 2, 1459.52
1483500299, 0, 164, 1163, 1115, 164, 4.01%, 0, 0, 2, 1506.10
1483500304, 0, 164, 1165, 1117, 164, 4.01%, 0, 0, 2, 1605.72
1483500309, 0, 167, 1165, 1116, 163, 4.01%, 0, 0, 2, 1545.60
1483500320, 0, 168, 1165, 1115, 162, 4.01%, 0, 0, 2, 1550.54
1483500330, 0, 169, 1165, 1114, 161, 4.01%, 0, 0, 2, 1658.67
1483500335, 0, 183, 1165, 1113, 160, 4.01%, 0, 0, 2, 1495.27
1483500360, 0, 186, 1165, 1112, 159, 4.01%, 0, 0, 2, 1914.29
1483500365, 0, 188, 1165, 1111, 158, 4.01%, 0, 0, 2, 1677.54
1483500370, 0, 193, 1165, 1110, 157, 4.01%, 0, 0, 2, 1517.12
1483500391, 0, 196, 1165, 1109, 156, 4.01%, 0, 0, 2, 1418.26
1483500401, 0, 198, 1165, 1108, 155, 4.01%, 0, 0, 2, 1477.55
1483500416, 0, 202, 1165, 1107, 154, 4.01%, 0, 0, 2, 1172.10
1483500457, 0, 204, 1165, 1106, 153, 4.01%, 0, 0, 2, 1199.03
1483500478, 0, 205, 1165, 1105, 152, 4.01%, 0, 0, 2, 1381.26
1483500493, 0, 207, 1165, 1104, 151, 4.01%, 0, 0, 2, 1284.58
1483500508, 0, 211, 1165, 1103, 150, 4.01%, 0, 0, 2, 1394.12
1483500518, 0, 216, 1165, 1102, 149, 4.01%, 0, 0, 2, 1406.96
1483500529, 0, 217, 1165, 1101, 148, 4.01%, 0, 0, 2, 1429.90
1483500539, 0, 218, 1165, 1100, 147, 4.01%, 0, 0, 2, 1448.22
1483500549, 0, 221, 1166, 1100, 146, 4.01%, 0, 0, 2, 1485.82
1483500554, 0, 245, 1167, 1100, 146, 4.01%, 0, 0, 2, 1472.71
1483500559, 0, 245, 1168, 1101, 146, 4.01%, 0, 0, 2, 1373.06
1483500569, 0, 247, 1168, 1100, 146, 4.01%, 0, 0, 2, 1399.73
1483500579, 0, 248, 1168, 1099, 145, 4.01%, 0, 0, 2, 1451.90
1483500584, 0, 249, 1168, 1098, 144, 4.01%, 0, 0, 2, 1470.73
1483500595, 0, 250, 1168, 1097, 143, 4.01%, 0, 0, 2, 1444.14
1483500605, 0, 256, 1168, 1096, 142, 4.01%, 0, 0, 2, 1346.62
1483500620, 0, 257, 1168, 1095, 141, 4.01%, 0, 0, 2, 1469.84
1483500625, 0, 259, 1168, 1094, 140, 4.01%, 0, 0, 2, 1502.95
1483500635, 0, 262, 1168, 1093, 139, 4.01%, 0, 0, 2, 1435.63
1483500651, 0, 263, 1168, 1092, 138, 4.01%, 0, 0, 2, 1516.73
1483500661, 0, 272, 1168, 1091, 137, 4.01%, 0, 0, 2, 1451.02
1483500702, 0, 275, 1168, 1090, 136, 4.01%, 0, 0, 2, 1464.60
1483500712, 0, 279, 1168, 1089, 135, 4.01%, 0, 0, 2, 1512.65
1483500722, 0, 284, 1168, 1088, 134, 4.01%, 0, 0, 2, 1352.99
1483500738, 0, 285, 1168, 1087, 133, 4.01%, 0, 0, 2, 1186.21
1483500758, 0, 287, 1168, 1086, 132, 4.01%, 0, 0, 2, 1249.56
1483500773, 0, 288, 1168, 1085, 131, 4.01%, 0, 0, 2, 1420.39
1483500784, 0, 290, 1168, 1084, 130, 4.01%, 0, 0, 2, 1551.23
1483500794, 0, 295, 1168, 1083, 129, 4.01%, 0, 0, 2, 1421.09
1483500804, 0, 299, 1168, 1082, 128, 4.01%, 0, 0, 2, 1470.75
1483500819, 0, 300, 1169, 1082, 127, 4.01%, 0, 0, 2, 1531.21
1483500825, 0, 300, 1170, 1083, 127, 4.01%, 0, 0, 2, 1437.16
1483500830, 0, 303, 1170, 1082, 126, 4.01%, 0, 0, 2, 1446.28
1483500840, 0, 307, 1170, 1081, 125, 4.01%, 0, 0, 2, 1432.81
1483500860, 0, 308, 1170, 1080, 124, 4.01%, 0, 0, 2, 1432.99
1483500881, 0, 309, 1170, 1079, 123, 4.01%, 0, 0, 2, 1443.32
1483500896, 0, 311, 1170, 1078, 122, 4.01%, 0, 0, 2, 1430.88
1483500911, 0, 313, 1171, 1078, 121, 4.01%, 0, 0, 2, 1531.12
1483500921, 0, 314, 1171, 1077, 121, 4.01%, 0, 0, 2, 1486.77
1483500932, 0, 315, 1171, 1076, 120, 4.01%, 0, 0, 2, 1382.08
1483500942, 0, 316, 1171, 1075, 119, 4.01%, 0, 0, 2, 1401.26
1483500962, 0, 319, 1171, 1074, 118, 4.01%, 0, 0, 2, 1364.44
1483500973, 0, 321, 1172, 1074, 117, 4.01%, 0, 0, 2, 1466.58
1483500988, 0, 322, 1172, 1073, 116, 4.01%, 0, 0, 2, 1433.90
1483500998, 0, 322, 1173, 1074, 116, 4.01%, 0, 0, 2, 1311.78
1483501003, 0, 324, 1173, 1073, 116, 4.01%, 0, 0, 2, 1301.83
1483501013, 0, 325, 1173, 1072, 115, 4.01%, 0, 0, 2, 1310.90
1483501024, 0, 328, 1173, 1071, 114, 4.01%, 0, 0, 2, 1363.03
1483501034, 0, 336, 1174, 1071, 113, 4.01%, 0, 0, 2, 1407.38
1483501044, 0, 344, 1174, 1070, 112, 4.01%, 0, 0, 2, 1417.52
1483501079, 0, 351, 1174, 1069, 111, 4.01%, 0, 0, 2, 1157.31
1483501100, 0, 380, 1174, 1068, 110, 4.01%, 0, 0, 2, 1008.06
1483501161, 0, 396, 1174, 1067, 109, 4.01%, 0, 0, 2, 1154.60
1483501171, 0, 397, 1174, 1066, 109, 4.01%, 0, 0, 2, 1432.49
1483501187, 0, 398, 1174, 1065, 108, 4.01%, 0, 0, 2, 1333.16
1483501334, 0, 408, 1174, 1064, 107, 4.01%, 0, 0, 2, 1308.11
1483501376, 0, 424, 1174, 1063, 106, 4.01%, 0, 0, 2, 1219.14
1483501606, 0, 430, 1174, 1062, 105, 4.01%, 0, 0, 2, 1030.14
1483501811, 0, 457, 1175, 1062, 104, 4.01%, 0, 0, 2, 1075.89
1483501832, 0, 490, 1175, 1061, 104, 4.01%, 0, 0, 2, 1432.81
1483501842, 0, 492, 1175, 1060, 103, 4.01%, 0, 0, 2, 1616.66
1483501847, 0, 502, 1175, 1059, 102, 4.01%, 0, 0, 2, 1226.50
1483502647, 0, 562, 1175, 1058, 102, 4.01%, 0, 0, 2, 805.65
1483502682, 0, 563, 1175, 1057, 101, 4.01%, 0, 0, 2, 1122.62
1483502713, 0, 566, 1175, 1056, 100, 4.01%, 0, 0, 2, 1242.96
1483502728, 0, 568, 1175, 1055, 99, 4.01%, 0, 0, 2, 1258.24
1483502872, 0, 570, 1175, 1054, 98, 4.01%, 0, 0, 2, 920.35
1483502887, 0, 571, 1175, 1053, 97, 4.01%, 0, 0, 2, 1502.64
1483502913, 0, 573, 1175, 1052, 96, 4.01%, 0, 0, 2, 1539.61
1483502928, 0, 589, 1177, 1053, 95, 4.01%, 0, 0, 2, 1167.15
1483502948, 0, 589, 1178, 1054, 95, 4.01%, 0, 0, 2, 1046.58
1483503014, 0, 593, 1178, 1053, 94, 4.01%, 0, 0, 2, 1037.76
1483503091, 0, 662, 1178, 1052, 93, 4.01%, 0, 0, 2, 1440.69
1483503096, 0, 664, 1178, 1050, 91, 4.01%, 0, 0, 2, 1883.39
1483503101, 0, 666, 1178, 1049, 90, 4.01%, 0, 0, 2, 1705.43
1483503106, 0, 667, 1178, 1048, 89, 4.01%, 0, 0, 2, 1594.95
1483503121, 0, 669, 1178, 1047, 88, 4.01%, 0, 0, 2, 1611.76
1483503132, 0, 672, 1178, 1046, 87, 4.01%, 0, 0, 2, 1718.03
1483503137, 0, 673, 1178, 1045, 86, 4.01%, 0, 0, 2, 1564.26
1483503152, 0, 675, 1178, 1044, 85, 4.01%, 0, 0, 2, 1515.39
1483503157, 0, 677, 1178, 1043, 84, 4.01%, 0, 0, 2, 1666.67
1483503162, 0, 680, 1178, 1042, 83, 4.01%, 0, 0, 2, 1633.95
1483503167, 0, 683, 1178, 1041, 82, 4.01%, 0, 0, 2, 1582.81
1483503198, 0, 685, 1178, 1040, 81, 4.01%, 0, 0, 2, 1306.23
1483503208, 0, 689, 1178, 1039, 80, 4.01%, 0, 0, 2, 1416.07
1483503228, 0, 690, 1178, 1038, 79, 4.01%, 0, 0, 2, 1258.47
1483503244, 0, 691, 1178, 1037, 78, 4.01%, 0, 0, 2, 1281.15
1483503254, 0, 707, 1178, 1036, 77, 4.01%, 0, 0, 2, 1118.40
1483503367, 0, 726, 1178, 1035, 76, 4.01%, 0, 0, 2, 1159.48
1483503377, 0, 727, 1178, 1034, 75, 4.01%, 0, 0, 2, 1604.67
1483503387, 0, 730, 1178, 1033, 74, 4.01%, 0, 0, 2, 1724.39
1483503392, 0, 732, 1178, 1032, 73, 4.01%, 0, 0, 2, 1557.19
1483503397, 0, 733, 1178, 1031, 72, 4.01%, 0, 0, 2, 1518.19
1483503407, 0, 734, 1178, 1030, 71, 4.01%, 0, 0, 2, 1476.51
1483503413, 0, 737, 1178, 1029, 70, 4.01%, 0, 0, 2, 1466.91
1483503454, 0, 738, 1178, 1028, 69, 4.01%, 0, 0, 2, 1357.98
1483503500, 0, 747, 1178, 1027, 68, 4.01%, 0, 0, 2, 1270.26
1483503536, 0, 749, 1178, 1026, 67, 4.01%, 0, 0, 2, 1482.74
1483503541, 0, 750, 1178, 1025, 66, 4.01%, 0, 0, 2, 1612.65
1483503551, 0, 752, 1178, 1024, 65, 4.01%, 0, 0, 2, 1613.20
1483503561, 0, 754, 1178, 1023, 64, 4.01%, 0, 0, 2, 1505.66
1483503572, 0, 757, 1178, 1022, 63, 4.01%, 0, 0, 2, 1448.73
1483503582, 0, 758, 1178, 1021, 62, 4.01%, 0, 0, 2, 1469.37
1483503587, 0, 759, 1178, 1020, 61, 4.01%, 0, 0, 2, 1542.55
1483503597, 0, 764, 1178, 1019, 60, 4.01%, 0, 0, 2, 1511.42
1483503613, 0, 765, 1178, 1018, 59, 4.01%, 0, 0, 2, 1248.10
1483503628, 0, 766, 1178, 1017, 58, 4.01%, 0, 0, 2, 1377.91
1483503638, 0, 769, 1178, 1016, 57, 4.01%, 0, 0, 2, 1467.09
1483503653, 0, 771, 1178, 1015, 56, 4.01%, 0, 0, 2, 1323.69
1483503699, 0, 772, 1178, 1014, 55, 4.01%, 0, 0, 2, 1247.07
1483503760, 0, 777, 1178, 1013, 54, 4.01%, 0, 0, 2, 1250.62
1483503776, 0, 781, 1178, 1012, 53, 4.01%, 0, 0, 2, 1311.88
1483503791, 0, 787, 1178, 1011, 52, 4.01%, 0, 0, 2, 1356.35
1483503822, 0, 788, 1179, 1011, 51, 4.01%, 0, 0, 2, 1362.60
1483503842, 0, 797, 1179, 1010, 51, 4.01%, 0, 0, 2, 1340.08
1483503918, 0, 800, 1179, 1009, 50, 4.01%, 0, 0, 2, 1298.05
1483503933, 0, 801, 1179, 1008, 49, 4.01%, 0, 0, 2, 1415.59
1483503944, 0, 802, 1180, 1008, 48, 4.01%, 0, 0, 2, 1409.11
1483503954, 0, 809, 1180, 1007, 47, 4.01%, 0, 0, 2, 1327.86
1483503990, 0, 811, 1180, 1006, 46, 4.01%, 0, 0, 2, 1310.26
1483504015, 0, 816, 1180, 1005, 45, 4.01%, 0, 0, 2, 1331.03
1483504051, 0, 818, 1180, 1004, 44, 4.01%, 0, 0, 2, 1308.10
1483504086, 0, 830, 1180, 1003, 43, 4.01%, 0, 0, 2, 1234.87
1483504327, 0, 847, 1180, 1002, 43, 4.01%, 0, 0, 2, 563.60
1483504771, 0, 856, 1180, 1001, 42, 4.01%, 0, 0, 2, 712.30
1483504925, 0, 858, 1180, 1000, 41, 4.01%, 0, 0, 2, 777.56
1483505053, 0, 882, 1180, 999, 40, 4.01%, 0, 0, 2, 808.04
1483505553, 0, 883, 1180, 998, 39, 4.01%, 0, 0, 2, 847.50
1483505589, 0, 885, 1180, 997, 38, 4.01%, 0, 0, 2, 1099.12
1483505625, 0, 886, 1180, 996, 37, 4.01%, 0, 0, 2, 1085.52
1483505665, 0, 892, 1180, 995, 36, 4.01%, 0, 0, 2, 1287.57
1483505691, 0, 901, 1180, 994, 35, 4.01%, 0, 0, 2, 221.68
1483506748, 0, 902, 1180, 993, 34, 4.01%, 0, 0, 2, 267.00
1483507540, 0, 915, 1180, 992, 33, 4.01%, 0, 0, 2, 457.32
1483507954, 0, 924, 1180, 991, 32, 4.01%, 0, 0, 2, 1156.35
1483507979, 0, 926, 1180, 990, 31, 4.01%, 0, 0, 2, 1322.28
1483508010, 0, 931, 1180, 989, 30, 4.01%, 0, 0, 2, 1370.15
1483508040, 0, 933, 1180, 988, 29, 4.01%, 0, 0, 2, 1370.67
1483508066, 0, 934, 1180, 987, 28, 4.01%, 0, 0, 2, 1347.99
1483508086, 0, 935, 1180, 986, 27, 4.01%, 0, 0, 2, 1306.86
1483508122, 0, 938, 1180, 985, 26, 4.01%, 0, 0, 2, 1269.99
1483508127, 0, 938, 1181, 986, 26, 4.01%, 0, 0, 2, 1251.56
1483508163, 0, 944, 1182, 986, 25, 4.01%, 0, 0, 2, 1285.73
1483508204, 0, 947, 1182, 985, 24, 4.01%, 0, 0, 2, 932.03
1483508301, 0, 956, 1182, 984, 23, 4.01%, 0, 0, 2, 977.81
1483508316, 0, 959, 1182, 983, 22, 4.01%, 0, 0, 2, 1273.29
1483508357, 0, 962, 1182, 982, 21, 4.01%, 0, 0, 2, 1281.16
1483508387, 0, 964, 1182, 981, 20, 4.01%, 0, 0, 2, 1312.56
1483508418, 0, 965, 1182, 980, 19, 4.01%, 0, 0, 2, 1256.31
1483508454, 0, 967, 1182, 979, 18, 4.01%, 0, 0, 2, 1134.33
1483508551, 0, 971, 1182, 978, 17, 4.01%, 0, 0, 2, 734.14
1483508561, 0, 971, 1183, 979, 17, 4.01%, 0, 0, 2, 215.04
1483511108, 0, 971, 1184, 980, 17, 4.01%, 0, 0, 2, 211.21
1483512592, 0, 983, 1184, 979, 17, 4.01%, 0, 0, 2, 583.62
1483512735, 0, 1024, 1184, 978, 16, 4.01%, 0, 0, 2, 901.78
1483512848, 0, 1025, 1184, 977, 15, 4.01%, 0, 0, 2, 957.14
1483512894, 0, 1030, 1184, 976, 14, 4.01%, 0, 0, 2, 1030.27
1483512976, 0, 1033, 1185, 976, 13, 4.01%, 0, 0, 2, 816.13
1483512981, 0, 1033, 1186, 977, 13, 4.01%, 0, 0, 2, 730.13
1483512996, 0, 1033, 1187, 978, 13, 4.01%, 0, 0, 2, 699.28
1483513140, 0, 1033, 1190, 981, 13, 4.01%, 0, 0, 2, 874.09
1483513145, 0, 1036, 1190, 980, 13, 4.01%, 0, 0, 2, 848.89
1483513471, 0, 1047, 1190, 979, 12, 4.01%, 0, 0, 2, 1143.30
1483513492, 0, 1076, 1190, 978, 12, 4.01%, 0, 0, 2, 719.64
1483515069, 0, 1104, 1190, 977, 12, 4.01%, 0, 0, 2, 315.49
1483522711, 0, 1111, 1190, 976, 12, 4.01%, 0, 0, 2, 229.34
1483523759, 0, 1143, 1190, 975, 11, 4.01%, 0, 0, 2, 219.48
1483532219, 0, 1160, 1190, 973, 10, 4.01%, 0, 0, 2, 1711.29
1483532234, 0, 1165, 1190, 972, 9, 4.01%, 0, 0, 2, 1473.07
1483532239, 0, 1166, 1190, 971, 8, 4.01%, 0, 0, 2, 1527.41
1483532260, 0, 1168, 1190, 970, 7, 4.01%, 0, 0, 2, 1360.19
1483532270, 0, 1169, 1190, 969, 6, 4.01%, 0, 0, 2, 1432.67
1483532285, 0, 1170, 1190, 968, 5, 4.01%, 0, 0, 2, 1518.61
1483532295, 0, 1172, 1190, 967, 4, 4.01%, 0, 0, 2, 1547.04
1483532316, 0, 1174, 1191, 967, 3, 4.01%, 0, 0, 3, 1273.48
1483532336, 0, 1176, 1191, 966, 4, 4.01%, 0, 0, 3, 1283.26
1483532352, 0, 1176, 1192, 967, 4, 4.01%, 0, 0, 3, 1062.15
1483532429, 0, 1176, 1193, 968, 4, 4.01%, 0, 0, 3, 1061.49
1483532434, 0, 1185, 1193, 967, 3, 4.01%, 0, 0, 3, 847.55
1483532603, 0, 1190, 1194, 967, 2, 4.01%, 0, 0, 3, 1081.23
1483532623, 1, 46, 1194, 966, 1, 4.01%, 0, 0, 3, 1348.27
1483532628, 1, 68, 1194, 966, 1, 4.01%, 0, 0, 3, 1477.46
1483532638, 1, 72, 1194, 965, 0, 4.01%, 0, 0, 3, 1452.43
1483532654, 1, 74, 1194, 964, 0, 4.01%, 0, 0, 3, 1419.89
1483532674, 1, 76, 1194, 963, 0, 4.01%, 0, 0, 3, 1389.98
1483532694, 1, 77, 1194, 962, 0, 4.01%, 0, 0, 3, 1284.72
1483532720, 1, 86, 1194, 961, 0, 4.01%, 0, 0, 3, 1492.45
1483532730, 1, 123, 1194, 960, 0, 4.01%, 0, 0, 3, 1536.21
1483532745, 1, 125, 1194, 959, 0, 4.01%, 0, 0, 3, 1516.41
1483532755, 1, 126, 1194, 958, 0, 4.01%, 0, 0, 3, 1562.73
1483532766, 1, 128, 1194, 957, 0, 4.01%, 0, 0, 3, 1543.92
1483532776, 1, 129, 1194, 956, 0, 4.01%, 0, 0, 3, 1564.85
1483532791, 1, 130, 1194, 955, 0, 4.01%, 0, 0, 3, 1514.23
1483532801, 1, 131, 1194, 954, 0, 4.01%, 0, 0, 3, 1498.09
1483532816, 1, 132, 1194, 953, 0, 4.01%, 0, 0, 3, 1397.33
1483532837, 1, 150, 1194, 952, 0, 4.01%, 0, 0, 3, 1383.31
1483532862, 1, 163, 1194, 951, 0, 4.01%, 0, 0, 3, 1486.97
1483532867, 1, 171, 1194, 950, 0, 4.01%, 0, 0, 3, 1566.59
1483532923, 1, 174, 1194, 949, 0, 4.01%, 0, 0, 3, 1136.33
1483533004, 1, 178, 1194, 948, 0, 4.01%, 0, 0, 3, 1085.61
1483533086, 1, 189, 1194, 947, 0, 4.01%, 0, 0, 3, 1234.70
1483533101, 1, 191, 1194, 946, 0, 4.01%, 0, 0, 3, 1484.08
1483533127, 1, 192, 1194, 945, 0, 4.01%, 0, 0, 3, 1374.99
1483533147, 1, 194, 1194, 944, 0, 4.01%, 0, 0, 3, 1373.02
1483533167, 1, 195, 1194, 943, 0, 4.01%, 0, 0, 3, 1364.46
1483533182, 1, 210, 1194, 942, 0, 4.01%, 0, 0, 3, 1474.12
1483533203, 1, 213, 1194, 941, 0, 4.01%, 0, 0, 3, 1410.27
1483533223, 1, 220, 1194, 940, 0, 4.01%, 0, 0, 3, 1232.45
1483533249, 1, 223, 1194, 939, 0, 4.01%, 0, 0, 3, 1346.11
1483533259, 1, 225, 1194, 938, 0, 4.01%, 0, 0, 3, 1434.32
1483533279, 1, 227, 1194, 937, 0, 4.01%, 0, 0, 3, 1425.20
1483533300, 1, 228, 1194, 936, 0, 4.01%, 0, 0, 3, 1390.65
1483533320, 1, 251, 1194, 935, 0, 4.01%, 0, 0, 3, 1406.16
1483533331, 1, 254, 1194, 934, 0, 4.01%, 0, 0, 3, 1362.30
1483533351, 1, 292, 1195, 934, 1, 4.01%, 0, 0, 3, 1405.91
1483533366, 1, 297, 1195, 933, 1, 4.01%, 0, 0, 3, 1335.48
1483533391, 1, 302, 1196, 933, 1, 4.01%, 0, 0, 3, 1452.16
1483533402, 1, 338, 1196, 932, 1, 4.01%, 0, 0, 3, 972.01
1483533463, 1, 414, 1196, 931, 1, 4.01%, 0, 0, 3, 1348.46
1483533493, 1, 442, 1196, 930, 1, 4.01%, 0, 0, 3, 135.29
1483543206, 1, 686, 1196, 929, 1, 4.01%, 0, 0, 3, 1312.45
1483543211, 1, 821, 1196, 928, 1, 4.01%, 0, 0, 3, 1424.47
1483543252, 1, 906, 1196, 927, 1, 4.01%, 0, 0, 3, 1083.70
1483543914, 1, 925, 1196, 926, 1, 4.01%, 0, 0, 3, 1076.96
1483543935, 1, 1027, 1196, 925, 1, 4.01%, 0, 0, 3, 1406.67
1483543955, 1, 1194, 1196, 924, 1, 4.01%, 0, 0, 3, 1178.98
1483544011, 2, 1, 1197, 924, 0, 4.01%, 0, 0, 3, 1316.80
1483544026, 2, 7, 1197, 923, 0, 4.01%, 0, 0, 3, 1669.03
1483544036, 2, 15, 1197, 922, 0, 4.01%, 0, 0, 3, 1689.87
1483544051, 2, 16, 1197, 921, 0, 4.01%, 0, 0, 3, 1496.08
1483544067, 2, 26, 1197, 920, 0, 4.01%, 0, 0, 3, 1296.82
1483544113, 2, 40, 1197, 919, 0, 4.01%, 0, 0, 3, 1523.57
1483544128, 2, 41, 1197, 918, 0, 4.01%, 0, 0, 3, 1574.84
1483544133, 2, 44, 1197, 917, 0, 4.01%, 0, 0, 3, 1564.72
1483544144, 2, 47, 1197, 916, 0, 4.01%, 0, 0, 3, 1510.52
1483544164, 2, 53, 1197, 915, 0, 4.01%, 0, 0, 3, 1458.29
1483544174, 2, 56, 1197, 914, 0, 4.01%, 0, 0, 3, 1371.20
1483544185, 2, 58, 1197, 913, 0, 4.01%, 0, 0, 3, 1367.16
1483544205, 2, 60, 1197, 912, 0, 4.01%, 0, 0, 3, 1324.76
1483544215, 2, 64, 1197, 911, 0, 4.01%, 0, 0, 3, 1580.25
1483544226, 2, 65, 1197, 910, 0, 4.01%, 0, 0, 3, 1528.25
1483544236, 2, 75, 1197, 909, 0, 4.01%, 0, 0, 3, 1399.13
1483544262, 2, 78, 1197, 908, 0, 4.01%, 0, 0, 3, 1426.27
1483544272, 2, 84, 1197, 907, 0, 4.01%, 0, 0, 3, 1478.03
1483544287, 2, 91, 1197, 906, 0, 4.01%, 0, 0, 3, 1529.41
1483544303, 2, 92, 1197, 905, 0, 4.01%, 0, 0, 3, 1478.71
1483544318, 2, 95, 1197, 904, 0, 4.01%, 0, 0, 3, 1480.43
1483544339, 2, 96, 1197, 903, 0, 4.01%, 0, 0, 3, 1280.57
1483544374, 2, 99, 1197, 902, 0, 4.01%, 0, 0, 3, 1151.24
1483544450, 2, 103, 1197, 901, 0, 4.01%, 0, 0, 3, 1117.79
1483544456, 2, 106, 1197, 901, 0, 4.01%, 0, 0, 3, 1152.16
1483544507, 2, 113, 1197, 900, 0, 4.01%, 0, 0, 3, 1378.07
1483544522, 2, 115, 1197, 899, 0, 4.01%, 0, 0, 3, 1636.63
1483544532, 2, 122, 1197, 898, 0, 4.01%, 0, 0, 3, 1515.02
1483544548, 2, 127, 1197, 897, 0, 4.01%, 0, 0, 3, 1525.48
1483544558, 2, 149, 1197, 896, 0, 4.01%, 0, 0, 3, 1428.99
1483544584, 2, 157, 1197, 895, 0, 4.01%, 0, 0, 3, 1382.36
1483544594, 2, 166, 1197, 894, 0, 4.01%, 0, 0, 3, 1524.40
1483544599, 2, 169, 1197, 893, 0, 4.01%, 0, 0, 3, 1580.92
1483544604, 2, 176, 1197, 893, 0, 4.01%, 0, 0, 3, 1175.72
1483544686, 2, 190, 1197, 892, 0, 4.01%, 0, 0, 3, 1391.50
1483544696, 2, 198, 1197, 891, 0, 4.01%, 0, 0, 3, 1556.87
1483544701, 2, 203, 1197, 891, 0, 4.01%, 0, 0, 3, 1425.28
1483544717, 2, 212, 1197, 890, 0, 4.01%, 0, 0, 3, 1436.21
1483544732, 2, 214, 1197, 889, 0, 4.01%, 0, 0, 3, 1374.43
1483544747, 2, 226, 1197, 888, 0, 4.01%, 0, 0, 3, 1412.70
1483544768, 2, 231, 1197, 887, 0, 4.01%, 0, 0, 3, 1322.97
1483544788, 2, 235, 1197, 886, 0, 4.01%, 0, 0, 3, 1272.92
1483544814, 2, 237, 1197, 885, 0, 4.01%, 0, 0, 3, 1300.44
1483544829, 2, 242, 1197, 884, 0, 4.01%, 0, 0, 3, 1402.43
1483544845, 2, 255, 1197, 883, 0, 4.01%, 0, 0, 3, 1492.73
1483544865, 2, 261, 1197, 882, 0, 4.01%, 0, 0, 3, 1519.81
1483544876, 2, 265, 1197, 881, 0, 4.01%, 0, 0, 3, 1363.37
1483544911, 2, 267, 1198, 881, 0, 4.01%, 0, 0, 3, 1240.61
1483544952, 2, 271, 1198, 880, 0, 4.01%, 0, 0, 3, 1219.64
1483545003, 2, 286, 1198, 879, 0, 4.01%, 0, 0, 3, 1411.49
1483545019, 2, 289, 1198, 878, 0, 4.01%, 0, 0, 3, 1525.11
1483545029, 2, 291, 1198, 877, 0, 4.01%, 0, 0, 3, 1421.51
1483545044, 2, 293, 1198, 876, 0, 4.01%, 0, 0, 3, 1425.77
1483545060, 2, 300, 1198, 875, 0, 4.01%, 0, 0, 3, 1474.20
1483545065, 2, 304, 1198, 875, 0, 4.01%, 0, 0, 3, 1229.90
1483545085, 2, 310, 1198, 874, 0, 4.01%, 0, 0, 3, 1360.21
1483545100, 2, 320, 1198, 873, 0, 4.01%, 0, 0, 3, 1444.17
1483545120, 2, 326, 1198, 872, 0, 4.01%, 0, 0, 3, 1427.52
1483545130, 2, 331, 1198, 871, 0, 4.01%, 0, 0, 3, 1341.27
1483545140, 2, 340, 1198, 870, 0, 4.01%, 0, 0, 3, 1224.42
1483545207, 2, 341, 1198, 869, 0, 4.01%, 0, 0, 3, 832.57
1483545268, 2, 346, 1198, 868, 0, 4.01%, 0, 0, 3, 1017.10
1483545314, 2, 353, 1198, 867, 0, 4.01%, 0, 0, 3, 1294.59
1483545335, 2, 356, 1198, 866, 0, 4.01%, 0, 0, 3, 1109.15
1483545488, 2, 367, 1198, 865, 0, 4.01%, 0, 0, 3, 1158.74
1483545503, 2, 369, 1198, 864, 0, 4.01%, 0, 0, 3, 1279.40
1483545600, 2, 370, 1198, 863, 0, 4.01%, 0, 0, 3, 832.78
1483545682, 2, 374, 1198, 862, 0, 4.01%, 0, 0, 3, 703.86
1483545871, 2, 376, 1198, 861, 0, 4.01%, 0, 0, 3, 589.82
1483546075, 2, 384, 1198, 860, 0, 4.01%, 0, 0, 3, 716.64
1483546203, 2, 385, 1198, 859, 0, 4.01%, 0, 0, 3, 895.48
1483546285, 2, 389, 1198, 858, 0, 4.01%, 0, 0, 3, 847.25
1483546382, 2, 390, 1198, 857, 0, 4.01%, 0, 0, 3, 1110.94
1483546448, 2, 391, 1198, 856, 0, 4.01%, 0, 0, 3, 1223.29
1483546570, 2, 399, 1198, 855, 0, 4.01%, 0, 0, 3, 1177.87
1483546601, 2, 401, 1198, 854, 0, 4.01%, 0, 0, 3, 1194.20
1483546626, 2, 403, 1198, 853, 0, 4.01%, 0, 0, 3, 946.45
1483546733, 2, 411, 1198, 852, 0, 4.01%, 0, 0, 3, 826.40
1483546861, 2, 425, 1198, 851, 0, 4.01%, 0, 0, 3, 597.91
1483547621, 2, 427, 1198, 850, 0, 4.01%, 0, 0, 3, 633.59
1483547914, 2, 428, 1199, 850, 0, 4.01%, 0, 0, 3, 834.32
1483548087, 2, 429, 1199, 849, 0, 4.01%, 0, 0, 3, 625.71
1483548788, 2, 430, 1200, 849, 0, 4.01%, 0, 0, 3, 477.21
1483548793, 2, 432, 1200, 849, 0, 4.01%, 0, 0, 3, 349.96
1483550615, 2, 433, 1200, 848, 0, 4.01%, 0, 0, 3, 253.99
1483553898, 2, 434, 1200, 847, 0, 4.01%, 0, 0, 3, 231.64
1483565272, 2, 443, 1200, 846, 0, 4.01%, 0, 0, 3, 136.60
1483577095, 2, 445, 1200, 845, 0, 4.01%, 0, 0, 3, 121.91
1483577995, 2, 445, 1201, 846, 0, 4.01%, 0, 0, 3, 79.32
1483580076, 2, 445, 1202, 847, 0, 4.01%, 0, 0, 3, 89.66
1483580081, 2, 445, 1203, 848, 0, 4.01%, 0, 0, 3, 81.61
1483601101, 2, 445, 1204, 849, 0, 4.01%, 0, 0, 3, 78.79
1483601111, 2, 452, 1204, 848, 0, 4.01%, 0, 0, 3, 1252.05
1483601132, 2, 455, 1204, 847, 0, 4.01%, 0, 0, 3, 1214.49
1483601213, 2, 467, 1204, 846, 0, 4.01%, 0, 0, 3, 799.53
1483601408, 2, 472, 1204, 845, 0, 4.01%, 0, 0, 3, 1347.11
1483601413, 2, 482, 1204, 844, 0, 4.01%, 0, 0, 3, 1388.54
1483602415, 2, 484, 1204, 843, 0, 4.01%, 0, 0, 3, 533.49
1483603419, 2, 491, 1204, 842, 0, 4.01%, 0, 0, 3, 689.54
1483603759, 2, 496, 1204, 841, 0, 4.01%, 0, 0, 3, 746.47
1483607519, 2, 504, 1204, 840, 0, 4.01%, 0, 0, 3, 354.83
1483607662, 2, 506, 1204, 839, 0, 4.01%, 0, 0, 3, 771.60
1483608334, 2, 512, 1204, 838, 0, 4.01%, 0, 0, 3, 311.73
1483612315, 2, 513, 1204, 837, 0, 4.01%, 0, 0, 3, 107.16
1483615073, 2, 513, 1204, 837, 0, 4.01%, 0, 1, 3, 51.58
1483619847, 2, 513, 1205, 838, 0, 4.01%, 0, 1, 3, 38.70
1483621182, 2, 553, 1205, 837, 1, 4.01%, 0, 1, 3, 799.14
1483621280, 2, 588, 1205, 836, 1, 4.01%, 0, 1, 3, 930.94
1483621397, 2, 617, 1205, 835, 1, 4.01%, 0, 1, 3, 996.25
1483621458, 2, 701, 1205, 834, 1, 4.01%, 0, 1, 3, 1009.05
1483621525, 2, 702, 1205, 833, 1, 4.01%, 0, 1, 3, 981.67
1483621704, 2, 742, 1205, 832, 1, 4.01%, 0, 1, 3, 962.68
1483621761, 2, 1204, 1205, 831, 1, 4.01%, 0, 1, 3, 8.69
1483621926, 2, 1204, 1206, 832, 1, 4.01%, 0, 1, 3, 260.00
1483622567, 2, 1204, 1207, 833, 1, 4.01%, 0, 1, 3, 8.28
1483623194, 2, 1204, 1208, 834, 1, 4.01%, 0, 1, 3, 7.27
1483623355, 2, 1204, 1209, 835, 1, 4.01%, 0, 1, 3, 7.98
1483623714, 2, 1204, 1210, 836, 1, 4.01%, 0, 1, 3, 8.25
1483690434, 2, 1205, 1210, 835, 1, 4.01%, 0, 1, 3, 153.58
1483690976, 2, 1208, 1210, 834, 0, 4.01%, 0, 1, 3, 32.50
1483696498, 3, 12, 1210, 833, 0, 4.01%, 0, 1, 3, 1088.84
1483696509, 3, 13, 1210, 832, 0, 4.01%, 0, 1, 3, 1481.26
1483696514, 3, 18, 1210, 832, 0, 4.01%, 0, 1, 3, 1359.75
1483696529, 3, 19, 1210, 831, 0, 4.01%, 0, 1, 3, 1392.91
1483696544, 3, 22, 1210, 830, 0, 4.01%, 0, 1, 3, 1138.97
1483696621, 3, 24, 1210, 829, 0, 4.01%, 0, 1, 3, 1109.16
1483696702, 3, 27, 1210, 828, 0, 4.01%, 0, 1, 3, 1140.40
1483696753, 3, 28, 1210, 827, 0, 4.01%, 0, 1, 3, 1092.79
1483696835, 3, 31, 1210, 826, 0, 4.01%, 0, 1, 3, 1087.25
1483696840, 3, 39, 1210, 826, 0, 4.01%, 0, 1, 3, 1223.46
1483696860, 3, 43, 1210, 825, 0, 4.01%, 0, 1, 3, 1347.19
1483696880, 3, 45, 1210, 824, 0, 4.01%, 0, 1, 3, 1307.78
1483696901, 3, 52, 1210, 823, 0, 4.01%, 0, 1, 3, 1476.65
1483696906, 3, 61, 1210, 822, 0, 4.01%, 0, 1, 3, 1461.78
1483696921, 3, 62, 1210, 821, 0, 4.01%, 0, 1, 3, 1472.19
1483696931, 3, 73, 1210, 820, 0, 4.01%, 0, 1, 3, 1390.13
1483696947, 3, 79, 1210, 819, 0, 4.01%, 0, 1, 3, 1319.91
1483696967, 3, 82, 1210, 818, 0, 4.01%, 0, 1, 3, 1305.79
1483696998, 3, 83, 1210, 817, 0, 4.01%, 0, 1, 3, 1222.56
1483697023, 3, 104, 1210, 816, 0, 4.01%, 0, 1, 3, 1309.61
1483697079, 3, 107, 1210, 815, 0, 4.01%, 0, 1, 3, 1156.25
1483697135, 3, 108, 1210, 814, 0, 4.01%, 0, 1, 3, 1184.50
1483697140, 3, 110, 1210, 814, 0, 4.01%, 0, 1, 3, 1292.91
1483697166, 3, 119, 1210, 813, 0, 4.01%, 0, 1, 3, 1442.93
1483697176, 3, 134, 1210, 812, 0, 4.01%, 0, 1, 3, 1507.90
1483697181, 3, 148, 1210, 812, 0, 4.01%, 0, 1, 3, 1394.59
1483697206, 3, 152, 1210, 811, 0, 4.01%, 0, 1, 3, 1191.81
1483697231, 3, 159, 1210, 810, 0, 4.01%, 0, 1, 3, 1253.50
1483697246, 3, 181, 1210, 809, 0, 4.01%, 0, 1, 3, 1377.16
1483697298, 3, 184, 1210, 808, 0, 4.01%, 0, 1, 3, 1169.39
1483697353, 3, 185, 1210, 807, 0, 4.01%, 0, 1, 3, 1357.14
1483697384, 3, 208, 1210, 806, 0, 4.01%, 0, 1, 3, 1322.75
1483697399, 3, 209, 1210, 805, 0, 4.01%, 0, 1, 3, 1265.11
1483697415, 3, 215, 1210, 804, 0, 4.01%, 0, 1, 3, 1325.44
1483697425, 3, 216, 1210, 803, 0, 4.01%, 0, 1, 3, 1470.38
1483697430, 3, 229, 1210, 803, 0, 4.01%, 0, 1, 3, 1292.31
1483697451, 3, 238, 1210, 802, 0, 4.01%, 0, 1, 3, 1269.27
1483697476, 3, 240, 1210, 801, 0, 4.01%, 0, 1, 3, 1247.96
1483697502, 3, 244, 1210, 800, 0, 4.01%, 0, 1, 3, 1209.25
1483697533, 3, 246, 1210, 799, 0, 4.01%, 0, 1, 3, 1263.49
1483697548, 3, 252, 1210, 798, 0, 4.01%, 0, 1, 3, 1403.63
1483697568, 3, 253, 1210, 797, 0, 4.01%, 0, 1, 3, 1253.86
1483697589, 3, 258, 1210, 796, 0, 4.01%, 0, 1, 3, 1276.61
1483697604, 3, 264, 1210, 795, 0, 4.01%, 0, 1, 3, 1362.10
1483697625, 3, 269, 1210, 794, 0, 4.01%, 0, 1, 3, 1317.59
1483697686, 3, 283, 1210, 793, 0, 4.01%, 0, 1, 3, 1263.03
1483697701, 3, 294, 1210, 792, 0, 4.01%, 0, 1, 3, 1352.12
1483697727, 3, 305, 1210, 791, 0, 4.01%, 0, 1, 3, 1280.40
1483697742, 3, 323, 1210, 790, 0, 4.01%, 0, 1, 3, 1373.62
1483697757, 3, 329, 1210, 789, 0, 4.01%, 0, 1, 3, 1211.31
1483697767, 3, 330, 1210, 788, 0, 4.01%, 0, 1, 3, 1131.61
1483697803, 3, 330, 1213, 791, 0, 4.01%, 0, 1, 3, 1175.15
1483697808, 3, 330, 1214, 792, 0, 4.01%, 0, 1, 3, 1309.67
1483697813, 3, 333, 1214, 791, 0, 4.01%, 0, 1, 3, 1361.58
1483697848, 3, 357, 1214, 790, 0, 4.01%, 0, 1, 3, 1259.79
1483697925, 3, 364, 1214, 789, 0, 4.01%, 0, 1, 3, 1150.34
1483697946, 3, 372, 1214, 788, 0, 4.01%, 0, 1, 3, 857.23
1483698160, 3, 379, 1214, 787, 0, 4.01%, 0, 1, 3, 705.96
1483698272, 3, 393, 1214, 786, 0, 4.01%, 0, 1, 3, 1089.01
1483698313, 3, 405, 1214, 785, 0, 4.01%, 0, 1, 3, 999.51
1483698405, 3, 406, 1214, 784, 0, 4.01%, 0, 1, 3, 1110.27
1483698456, 3, 409, 1214, 783, 0, 4.01%, 0, 1, 3, 1276.13
1483698502, 3, 418, 1214, 782, 0, 4.01%, 0, 1, 3, 1300.07
1483698543, 3, 419, 1214, 781, 0, 4.01%, 0, 1, 3, 1212.33
1483698563, 3, 426, 1214, 780, 0, 4.01%, 0, 1, 3, 1178.26
1483699431, 3, 436, 1214, 779, 0, 4.01%, 0, 1, 3, 576.11
1483699695, 3, 437, 1214, 778, 0, 4.01%, 0, 1, 3, 569.23
1483700519, 3, 441, 1214, 777, 0, 4.01%, 0, 1, 3, 96.09
1483715780, 3, 444, 1214, 776, 0, 4.01%, 0, 1, 3, 110.23
1483727485, 3, 456, 1214, 775, 0, 4.01%, 0, 1, 3, 1185.70
1483727516, 3, 458, 1214, 774, 0, 4.01%, 0, 1, 3, 1193.89
1483727740, 3, 458, 1216, 776, 0, 4.01%, 0, 1, 3, 929.85
1483727745, 3, 458, 1217, 777, 0, 4.01%, 0, 1, 3, 992.78
1483727750, 3, 460, 1217, 776, 0, 4.01%, 0, 1, 3, 842.66
1483728098, 3, 465, 1217, 775, 0, 4.01%, 0, 1, 3, 481.15
1483730202, 3, 466, 1217, 774, 0, 4.01%, 0, 1, 3, 598.36
1483730398, 3, 469, 1217, 773, 0, 4.01%, 0, 1, 3, 807.55
1483730873, 3, 469, 1218, 774, 0, 4.01%, 0, 1, 3, 706.03
1483730879, 3, 480, 1218, 773, 0, 4.01%, 0, 1, 3, 491.05
1483732122, 3, 481, 1218, 772, 0, 4.01%, 0, 1, 3, 453.93
1483733408, 3, 483, 1218, 771, 0, 4.01%, 0, 1, 3, 508.54
1483734394, 3, 486, 1218, 770, 0, 4.01%, 0, 1, 3, 534.23
1483734994, 3, 499, 1218, 769, 0, 4.01%, 0, 1, 3, 485.29
1483738609, 3, 501, 1218, 768, 0, 4.01%, 0, 1, 3, 380.74
1483739996, 3, 510, 1218, 767, 0, 4.01%, 0, 1, 3, 475.24
1483740022, 3, 510, 1219, 768, 0, 4.01%, 0, 1, 3, 460.57
1483741061, 3, 514, 1219, 767, 0, 4.01%, 0, 1, 3, 407.74
1483742532, 3, 514, 1220, 768, 0, 4.01%, 0, 1, 3, 357.21
1483742537, 3, 519, 1220, 767, 0, 4.01%, 0, 1, 3, 385.43
1483743231, 3, 522, 1220, 766, 0, 4.01%, 0, 1, 3, 505.33
1483743288, 3, 522, 1221, 767, 0, 4.01%, 0, 1, 3, 288.01
1483744145, 3, 524, 1221, 766, 0, 4.01%, 0, 1, 3, 333.91
1483747425, 3, 531, 1221, 765, 0, 4.01%, 0, 1, 3, 416.60
1483747914, 3, 533, 1221, 764, 0, 4.01%, 0, 1, 3, 534.44
1483748762, 3, 543, 1222, 764, 0, 4.01%, 0, 1, 3, 601.61
1483749223, 3, 544, 1223, 764, 0, 4.01%, 0, 1, 3, 670.79
1483750693, 3, 548, 1224, 764, 0, 4.01%, 0, 1, 3, 642.95
1483751557, 3, 549, 1224, 763, 0, 4.01%, 0, 1, 3, 622.55
1483752841, 3, 557, 1224, 762, 0, 4.01%, 0, 1, 3, 452.72
1483753596, 3, 559, 1224, 761, 0, 4.01%, 0, 1, 3, 491.50
1483754210, 3, 565, 1224, 760, 0, 4.01%, 0, 1, 3, 1332.56
1483754225, 3, 577, 1224, 759, 0, 4.01%, 0, 1, 3, 1449.40
1483754246, 3, 581, 1224, 758, 0, 4.01%, 0, 1, 3, 1044.96
1483754596, 3, 584, 1224, 757, 0, 4.01%, 0, 1, 3, 810.93
1483754745, 3, 585, 1224, 756, 0, 4.01%, 0, 1, 3, 707.39
1483755610, 3, 586, 1225, 756, 0, 4.01%, 0, 1, 3, 810.78
1483755767, 3, 597, 1225, 755, 0, 4.01%, 0, 1, 3, 979.07
1483755920, 3, 601, 1225, 754, 0, 4.01%, 0, 1, 3, 143.46
1483758396, 3, 604, 1225, 753, 0, 4.01%, 0, 1, 3, 464.06
1483758538, 3, 605, 1225, 752, 0, 4.01%, 0, 1, 3, 1215.53
1483758558, 3, 607, 1225, 751, 0, 4.01%, 0, 1, 3, 1269.35
1483758584, 3, 609, 1225, 750, 0, 4.01%, 0, 1, 3, 1470.37
1483758599, 3, 616, 1226, 750, 0, 4.01%, 0, 1, 3, 1242.69
1483758666, 3, 619, 1226, 749, 0, 4.01%, 0, 1, 3, 471.61
1483758941, 3, 619, 1227, 750, 0, 4.01%, 0, 1, 3, 264.52
1483760936, 3, 621, 1227, 749, 0, 4.01%, 0, 1, 3, 206.63
1483769266, 3, 622, 1227, 748, 0, 4.01%, 0, 1, 3, 182.64
1483776064, 3, 622, 1228, 749, 0, 4.01%, 0, 1, 3, 159.96
1483776069, 3, 628, 1228, 748, 0, 4.01%, 0, 1, 3, 295.61
1483776130, 3, 637, 1228, 747, 0, 4.01%, 0, 1, 3, 1036.00
1483776269, 3, 637, 1233, 752, 0, 4.01%, 0, 1, 3, 1141.16
1483776274, 3, 637, 1236, 755, 0, 4.01%, 0, 1, 3, 1173.25
1483776279, 3, 637, 1239, 758, 0, 4.01%, 0, 1, 3, 1196.04
1483776289, 3, 637, 1240, 759, 0, 4.01%, 0, 1, 3, 1207.17
1483776295, 3, 704, 1240, 758, 1, 4.01%, 0, 1, 3, 1121.98
1483776397, 3, 722, 1240, 757, 1, 4.01%, 0, 1, 3, 941.08
1483776453, 3, 820, 1240, 756, 1, 4.01%, 0, 1, 3, 1174.38
1483776493, 3, 1009, 1240, 755, 1, 4.01%, 0, 1, 3, 1159.42
1483776632, 3, 1031, 1240, 754, 1, 4.01%, 0, 1, 3, 965.13
1483776724, 3, 1105, 1240, 753, 1, 4.01%, 0, 1, 3, 610.63
1483778001, 3, 1213, 1240, 752, 1, 4.01%, 0, 1, 3, 488.34
1483778006, 3, 1213, 1241, 753, 1, 4.01%, 0, 1, 3, 457.23
1483778011, 3, 1213, 1242, 754, 1, 4.01%, 0, 1, 3, 454.08
1483778144, 3, 1213, 1245, 757, 1, 4.01%, 0, 1, 3, 755.11
1483778160, 3, 1235, 1245, 756, 1, 4.01%, 0, 1, 3, 980.92
1483778261, 3, 1238, 1246, 756, 0, 4.01%, 0, 1, 3, 1232.19
1483778466, 3, 1238, 1248, 758, 0, 4.01%, 0, 1, 3, 959.85
1483778476, 3, 1246, 1248, 757, 0, 4.01%, 0, 1, 3, 965.86
1483780229, 3, 1246, 1250, 759, 0, 4.01%, 0, 1, 4, 386.10
1483780240, 3, 1246, 1252, 761, 0, 4.01%, 0, 1, 4, 399.30
1483780250, 3, 1246, 1253, 762, 0, 4.01%, 0, 1, 4, 413.92
1483780311, 3, 1250, 1253, 761, 0, 4.01%, 0, 1, 4, 509.17
1483781016, 3, 1251, 1253, 760, 0, 4.01%, 0, 1, 4, 286.21
1483789652, 3, 1251, 1254, 761, 0, 4.01%, 0, 1, 5, 155.34
1483789662, 3, 1251, 1255, 762, 0, 4.01%, 0, 1, 5, 164.75
1483789677, 3, 1251, 1256, 763, 0, 4.01%, 0, 1, 5, 162.84
1483789748, 3, 1252, 1256, 762, 0, 4.01%, 0, 1, 5, 171.90
1483792838, 4, 37, 1256, 761, 0, 4.01%, 0, 1, 5, 1001.74
1483792843, 4, 59, 1256, 761, 0, 4.01%, 0, 1, 5, 1337.34
1483792853, 4, 71, 1256, 760, 0, 4.01%, 0, 1, 5, 1473.18
1483792868, 4, 81, 1256, 759, 0, 4.01%, 0, 1, 5, 1433.34
1483792884, 4, 101, 1256, 758, 0, 4.01%, 0, 1, 5, 1375.15
1483792924, 4, 109, 1256, 757, 0, 4.01%, 0, 1, 5, 1284.97
1483792975, 4, 136, 1256, 756, 0, 4.01%, 0, 1, 5, 1362.38
1483792986, 4, 137, 1256, 755, 0, 4.01%, 0, 1, 5, 1366.44
1483792991, 4, 139, 1256, 755, 0, 4.01%, 0, 1, 5, 1276.02
1483793006, 4, 145, 1256, 754, 0, 4.01%, 0, 1, 5, 1352.47
1483793027, 4, 161, 1256, 753, 0, 4.01%, 0, 1, 5, 1521.96
1483793032, 4, 187, 1256, 752, 0, 4.01%, 0, 1, 5, 1502.96
1483793052, 4, 219, 1256, 751, 0, 4.01%, 0, 1, 5, 1451.14
1483793062, 4, 234, 1256, 750, 0, 4.01%, 0, 1, 5, 1442.11
1483793077, 4, 239, 1256, 749, 0, 4.01%, 0, 1, 5, 1323.13
1483793103, 4, 243, 1256, 748, 0, 4.01%, 0, 1, 5, 1314.09
1483793113, 4, 250, 1256, 747, 0, 4.01%, 0, 1, 5, 1449.79
1483793118, 4, 268, 1256, 747, 0, 4.01%, 0, 1, 5, 1291.04
1483793170, 4, 274, 1256, 746, 0, 4.01%, 0, 1, 5, 1357.97
1483793185, 4, 316, 1256, 745, 0, 4.01%, 0, 1, 5, 1535.93
1483793190, 4, 332, 1256, 745, 0, 4.01%, 0, 1, 5, 1114.75
1483793220, 4, 334, 1256, 744, 0, 4.01%, 0, 1, 5, 1033.57
1483793297, 4, 335, 1256, 743, 0, 4.01%, 0, 1, 5, 1061.91
1483793383, 4, 339, 1257, 743, 0, 4.01%, 0, 1, 5, 1013.86
1483793414, 4, 342, 1257, 742, 0, 4.01%, 0, 1, 5, 1103.00
1483793439, 4, 352, 1257, 741, 0, 4.01%, 0, 1, 5, 1092.76
1483793470, 4, 366, 1257, 740, 0, 4.01%, 0, 1, 5, 1155.85
1483793495, 4, 371, 1257, 739, 0, 4.01%, 0, 1, 5, 1209.37
1483793526, 4, 383, 1257, 738, 0, 4.01%, 0, 1, 5, 1189.76
1483793582, 4, 392, 1257, 737, 0, 4.01%, 0, 1, 5, 1203.10
1483793643, 4, 395, 1257, 736, 0, 4.01%, 0, 1, 5, 1268.90
1483793669, 4, 402, 1257, 735, 0, 4.01%, 0, 1, 5, 1141.20
1483793704, 4, 413, 1257, 734, 0, 4.01%, 0, 1, 5, 1102.23
1483793745, 4, 416, 1259, 735, 0, 4.01%, 0, 1, 5, 1094.36
1483793961, 4, 417, 1259, 734, 0, 4.01%, 0, 1, 5, 839.49
1483794074, 4, 422, 1259, 733, 0, 4.01%, 0, 1, 5, 805.36
1483794130, 4, 435, 1259, 732, 0, 4.01%, 0, 1, 5, 133.78
1483806640, 4, 439, 1259, 731, 0, 4.01%, 0, 1, 5, 160.50
1483809274, 4, 451, 1259, 730, 0, 4.01%, 0, 1, 5, 794.32
1483809335, 4, 462, 1259, 729, 0, 4.01%, 0, 1, 5, 663.99
1483810941, 4, 464, 1259, 728, 0, 4.01%, 0, 1, 5, 389.94
1483813257, 4, 464, 1260, 729, 0, 4.01%, 0, 1, 5, 405.89
1483813262, 4, 470, 1260, 728, 0, 4.01%, 0, 1, 5, 707.25
1483813405, 4, 471, 1260, 727, 0, 4.01%, 0, 1, 5, 924.01
1483813553, 4, 474, 1260, 726, 0, 4.01%, 0, 1, 5, 857.36
1483813720, 4, 475, 1260, 725, 0, 4.01%, 0, 1, 5, 605.98
1483814271, 4, 493, 1260, 724, 0, 4.01%, 0, 1, 5, 515.40
1483817170, 4, 494, 1260, 723, 0, 4.01%, 0, 1, 5, 306.67
1483821061, 4, 497, 1260, 722, 0, 4.01%, 0, 1, 5, 273.92
1483824793, 4, 500, 1260, 721, 0, 4.01%, 0, 1, 5, 481.28
1483825718, 4, 505, 1260, 720, 0, 4.01%, 0, 1, 5, 551.03
1483826304, 4, 516, 1260, 719, 0, 4.01%, 0, 1, 5, 693.57
1483826457, 4, 521, 1260, 718, 0, 4.01%, 0, 1, 5, 577.36
1483827474, 4, 527, 1260, 717, 0, 4.01%, 0, 1, 5, 474.22
1483828267, 4, 534, 1260, 716, 0, 4.01%, 0, 1, 5, 477.76
1483829322, 4, 540, 1260, 715, 0, 4.01%, 0, 1, 5, 465.33
1483829434, 4, 540, 1261, 716, 0, 4.01%, 0, 1, 5, 166.43
1483831321, 4, 540, 1262, 717, 0, 4.01%, 0, 1, 5, 179.90
1483832643, 4, 541, 1262, 716, 0, 4.01%, 0, 1, 5, 251.65
1483835302, 4, 547, 1262, 715, 0, 4.01%, 0, 1, 5, 294.11
1483835586, 4, 550, 1262, 714, 0, 4.01%, 0, 1, 5, 85.58
1483835606, 4, 550, 1263, 715, 0, 4.01%, 0, 1, 5, 74.03
1483835637, 4, 550, 1265, 717, 0, 4.01%, 0, 1, 5, 81.69
1483855570, 4, 551, 1266, 717, 0, 4.01%, 0, 1, 5, 142.98
1483856918, 4, 554, 1266, 716, 0, 4.01%, 0, 1, 5, 785.12
1483857004, 4, 556, 1266, 715, 0, 4.01%, 0, 1, 5, 918.89
1483857655, 4, 561, 1266, 714, 0, 4.01%, 0, 1, 5, 583.13
1483857911, 4, 561, 1267, 715, 0, 4.01%, 0, 1, 5, 749.18
1483857916, 4, 567, 1267, 714, 0, 4.01%, 0, 1, 5, 465.23
1483858822, 4, 574, 1267, 713, 0, 4.01%, 0, 1, 5, 879.11
1483858879, 4, 583, 1267, 712, 0, 4.01%, 0, 1, 5, 235.72
1483860425, 4, 590, 1267, 711, 0, 4.01%, 0, 1, 5, 797.96
1483860451, 4, 594, 1267, 710, 0, 4.01%, 0, 1, 5, 891.21
1483860811, 4, 608, 1267, 709, 0, 4.01%, 0, 1, 5, 1132.61
1483860831, 4, 618, 1267, 708, 0, 4.01%, 0, 1, 5, 1144.50
1483860897, 4, 624, 1267, 707, 0, 4.01%, 0, 1, 5, 133.21
1483868864, 4, 626, 1267, 706, 0, 4.01%, 0, 1, 5, 228.23
1483871067, 4, 633, 1267, 705, 0, 4.01%, 0, 1, 5, 399.11
1483871103, 4, 648, 1267, 704, 0, 4.01%, 0, 1, 5, 90.51
1483887509, 4, 659, 1267, 703, 0, 4.01%, 0, 1, 5, 76.34
1483897312, 4, 661, 1267, 702, 0, 4.01%, 0, 1, 5, 512.95
1483898228, 4, 673, 1267, 701, 0, 4.01%, 0, 1, 5, 889.82
1483898233, 4, 678, 1267, 701, 0, 4.01%, 0, 1, 5, 1310.24
1483898249, 4, 680, 1267, 700, 0, 4.01%, 0, 1, 5, 1473.86
1483898254, 4, 681, 1267, 700, 0, 4.01%, 0, 1, 5, 1397.85
1483898259, 4, 687, 1267, 699, 0, 4.01%, 0, 1, 5, 1415.87
1483898274, 4, 688, 1267, 698, 0, 4.01%, 0, 1, 5, 1342.56
1483898305, 4, 694, 1267, 697, 0, 4.01%, 0, 1, 5, 859.65
1483898776, 4, 700, 1267, 696, 0, 4.01%, 0, 1, 5, 609.31
1483898939, 4, 703, 1267, 695, 0, 4.01%, 0, 1, 5, 667.33
1483899318, 4, 708, 1267, 694, 0, 4.01%, 0, 1, 5, 399.85
1483900472, 4, 769, 1267, 693, 1, 4.01%, 0, 1, 5, 567.35
1483900477, 4, 835, 1267, 693, 1, 4.01%, 0, 1, 5, 974.49
1483900579, 4, 836, 1267, 692, 0, 4.01%, 0, 1, 5, 651.04
1483900778, 4, 838, 1267, 691, 0, 4.01%, 0, 1, 5, 823.76
1483900834, 4, 839, 1267, 690, 0, 4.01%, 0, 1, 5, 945.98
1483900890, 4, 842, 1268, 690, 0, 4.01%, 0, 1, 5, 1091.11
1483900941, 4, 845, 1268, 689, 0, 4.01%, 0, 1, 5, 983.02
1483901012, 4, 849, 1268, 688, 0, 4.01%, 0, 1, 5, 958.13
1483901519, 4, 862, 1268, 687, 0, 4.01%, 0, 1, 5, 652.30
1483903013, 4, 862, 1269, 688, 0, 4.01%, 0, 1, 5, 224.18
1483904075, 4, 862, 1270, 689, 0, 4.01%, 0, 1, 5, 199.19
1483905766, 4, 866, 1270, 688, 0, 4.01%, 0, 1, 5, 273.51
1483908452, 4, 866, 1271, 689, 0, 4.01%, 0, 1, 5, 248.51
1483909577, 4, 868, 1271, 688, 0, 4.01%, 0, 1, 5, 310.52
1483912840, 4, 868, 1272, 689, 0, 4.01%, 0, 1, 5, 250.07
1483914913, 4, 869, 1272, 688, 0, 4.01%, 0, 1, 5, 344.15
1483915657, 4, 871, 1272, 687, 0, 4.01%, 0, 1, 5, 649.02
1483915753, 4, 877, 1272, 686, 0, 4.01%, 0, 1, 5, 618.38
1483916306, 4, 895, 1272, 685, 0, 4.01%, 0, 1, 5, 718.63
1483917547, 4, 900, 1272, 684, 0, 4.01%, 0, 1, 5, 331.03
