# unix_time, cycles_done, cur_path, paths_total, pending_total, pending_favs, map_size, unique_crashes, unique_hangs, max_depth, execs_per_sec
1481491032, 0, 0, 6, 6, 2, 0.47%, 0, 0, 1, 545.45
1481491037, 0, 3, 46, 46, 2, 0.68%, 0, 0, 2, 773.07
1481491042, 0, 3, 59, 59, 2, 0.70%, 0, 0, 2, 836.16
1481491048, 0, 3, 62, 62, 2, 0.70%, 0, 0, 2, 858.68
1481491053, 0, 3, 148, 148, 2, 0.72%, 0, 0, 2, 956.24
1481491058, 0, 3, 166, 166, 2, 0.72%, 0, 0, 2, 990.79
1481491063, 0, 3, 174, 174, 2, 0.72%, 0, 0, 2, 1002.68
1481491068, 0, 3, 180, 180, 2, 0.73%, 0, 0, 2, 789.10
1481491073, 0, 3, 184, 184, 2, 0.73%, 0, 0, 2, 784.36
1481491078, 0, 3, 186, 186, 2, 0.73%, 0, 0, 2, 774.31
1481491083, 0, 3, 190, 190, 2, 0.73%, 0, 0, 2, 813.14
1481491088, 0, 3, 195, 195, 2, 0.73%, 0, 0, 2, 706.72
1481491094, 0, 29, 195, 194, 26, 0.73%, 0, 0, 2, 729.01
1481491114, 0, 29, 200, 199, 26, 0.73%, 0, 0, 3, 849.89
1481491119, 0, 29, 203, 202, 26, 0.74%, 0, 0, 3, 915.21
1481491124, 0, 29, 205, 204, 26, 0.74%, 0, 0, 3, 1231.51
1481491129, 0, 29, 207, 206, 26, 0.74%, 0, 0, 3, 1324.08
1481491134, 0, 29, 208, 207, 26, 0.74%, 0, 0, 3, 1316.40
1481491139, 0, 34, 209, 207, 29, 0.74%, 0, 0, 3, 1255.14
1481491154, 0, 41, 210, 207, 29, 0.74%, 0, 0, 3, 1167.84
1481491164, 0, 52, 210, 206, 29, 0.74%, 0, 0, 3, 1193.32
1481491169, 0, 52, 211, 207, 29, 0.74%, 0, 0, 3, 1151.10
1481491180, 0, 52, 214, 210, 29, 0.74%, 0, 0, 3, 1316.14
1481491185, 0, 52, 216, 212, 29, 0.74%, 0, 0, 3, 1348.87
1481491190, 0, 52, 217, 213, 29, 0.74%, 0, 0, 3, 1351.39
1481491195, 0, 52, 218, 214, 29, 0.74%, 0, 0, 3, 1348.72
1481491200, 0, 74, 219, 214, 29, 0.74%, 0, 0, 3, 1364.22
1481491205, 0, 87, 220, 213, 28, 0.75%, 0, 0, 3, 1447.56
1481491215, 0, 104, 220, 212, 27, 0.75%, 0, 0, 3, 1476.49
1481491220, 0, 108, 220, 211, 26, 0.75%, 0, 0, 3, 1309.25
1481491230, 0, 109, 221, 211, 25, 0.75%, 0, 0, 3, 1348.85
1481491240, 0, 112, 221, 210, 25, 0.75%, 0, 0, 3, 1463.38
1481491245, 0, 131, 221, 208, 23, 0.75%, 0, 0, 3, 1388.39
1481491256, 0, 138, 222, 207, 21, 0.75%, 0, 0, 3, 1299.33
1481491261, 0, 141, 223, 207, 21, 0.75%, 0, 0, 3, 1369.46
1481491271, 0, 144, 223, 206, 20, 0.75%, 0, 0, 3, 1407.11
1481491276, 0, 147, 223, 205, 19, 0.75%, 0, 0, 3, 1378.80
1481491281, 0, 150, 223, 204, 18, 0.75%, 0, 0, 3, 1344.61
1481491286, 0, 152, 223, 203, 17, 0.75%, 0, 0, 3, 1254.56
1481491296, 0, 154, 224, 203, 17, 0.75%, 0, 0, 3, 1335.85
1481491306, 0, 161, 224, 202, 16, 0.75%, 0, 0, 3, 1141.36
1481491326, 0, 161, 226, 204, 16, 0.75%, 0, 0, 3, 1107.99
1481491332, 0, 161, 230, 208, 16, 0.75%, 0, 0, 3, 1141.63
1481491337, 0, 161, 232, 210, 16, 0.75%, 0, 0, 3, 1039.03
1481491342, 0, 161, 233, 211, 16, 0.75%, 0, 0, 3, 1062.80
1481491347, 0, 174, 237, 214, 17, 0.75%, 0, 0, 3, 1174.00
1481491352, 0, 174, 238, 215, 17, 0.75%, 0, 0, 3, 1252.49
1481491357, 0, 176, 239, 215, 17, 0.75%, 0, 0, 3, 1432.98
1481491362, 0, 177, 239, 214, 16, 0.75%, 0, 0, 3, 1315.20
1481491367, 0, 181, 241, 215, 15, 0.75%, 0, 0, 3, 1353.63
1481491378, 0, 200, 241, 214, 14, 0.75%, 0, 0, 3, 1346.69
1481491393, 0, 200, 246, 219, 14, 0.75%, 0, 0, 4, 1450.88
1481491398, 0, 200, 247, 220, 14, 0.75%, 0, 0, 4, 1440.99
1481491408, 0, 202, 247, 219, 13, 0.75%, 0, 0, 4, 1132.44
1481491418, 0, 202, 248, 220, 13, 0.75%, 0, 0, 4, 1210.12
1481491423, 0, 203, 249, 220, 12, 0.75%, 0, 0, 4, 1232.06
1481491428, 0, 209, 249, 219, 12, 0.75%, 0, 0, 4, 1211.37
1481491439, 0, 209, 251, 221, 12, 0.75%, 0, 0, 4, 1207.49
1481491444, 0, 210, 251, 220, 11, 0.75%, 0, 0, 4, 1205.21
1481491449, 0, 210, 252, 221, 11, 0.75%, 0, 0, 4, 967.51
1481491459, 0, 217, 252, 219, 9, 0.75%, 0, 0, 4, 1069.39
1481491506, 0, 218, 252, 218, 8, 0.75%, 0, 0, 4, 1124.16
1481491516, 0, 219, 252, 217, 7, 0.75%, 0, 0, 4, 933.08
1481491521, 0, 221, 252, 216, 6, 0.75%, 0, 0, 4, 1028.36
1481491526, 0, 223, 252, 215, 5, 0.75%, 0, 0, 4, 946.61
1481491541, 0, 223, 256, 219, 5, 0.75%, 0, 0, 4, 963.50
1481491557, 0, 223, 257, 220, 5, 0.75%, 0, 0, 4, 899.74
1481491567, 0, 223, 259, 222, 5, 0.75%, 0, 0, 4, 820.16
1481491572, 0, 223, 263, 226, 5, 0.75%, 0, 0, 4, 805.79
1481491577, 0, 227, 263, 225, 5, 0.75%, 0, 0, 4, 917.97
1481491582, 0, 227, 264, 226, 5, 0.75%, 0, 0, 4, 1044.81
1481491592, 0, 227, 266, 228, 5, 0.75%, 0, 0, 4, 1071.53
1481491598, 0, 238, 266, 227, 5, 0.75%, 0, 0, 4, 1282.33
1481491603, 0, 248, 266, 226, 4, 0.75%, 0, 0, 4, 1326.06
1481491613, 0, 256, 268, 227, 3, 0.75%, 0, 0, 5, 1168.24
1481491633, 0, 256, 273, 232, 3, 0.75%, 0, 0, 5, 1195.75
1481491638, 0, 256, 274, 233, 3, 0.75%, 0, 0, 5, 1184.30
1481491644, 0, 256, 275, 234, 3, 0.75%, 0, 0, 5, 1235.85
1481491649, 0, 256, 277, 236, 3, 0.75%, 0, 0, 5, 1255.70
1481491654, 0, 256, 280, 239, 3, 0.75%, 0, 0, 5, 1261.04
1481491659, 0, 262, 282, 240, 3, 0.75%, 0, 0, 5, 1190.68
1481491669, 0, 264, 282, 239, 2, 0.75%, 0, 0, 5, 1175.21
1481491684, 0, 266, 282, 238, 1, 0.75%, 0, 0, 5, 1122.36
1481491704, 0, 279, 282, 237, 0, 0.75%, 0, 0, 5, 1139.77
1481491740, 1, 2, 282, 236, 0, 0.75%, 0, 0, 5, 1141.40
1481491755, 1, 4, 283, 236, 0, 0.75%, 0, 0, 5, 1185.58
1481491766, 1, 7, 283, 235, 0, 0.75%, 0, 0, 5, 1183.17
1481491781, 1, 13, 283, 234, 0, 0.75%, 0, 0, 5, 1062.61
1481491791, 1, 13, 284, 235, 0, 0.75%, 0, 0, 5, 1108.31
1481491796, 1, 15, 284, 234, 0, 0.75%, 0, 0, 5, 1355.92
1481491801, 1, 16, 284, 233, 0, 0.75%, 0, 0, 5, 1422.68
1481491811, 1, 17, 284, 232, 0, 0.75%, 0, 0, 5, 1447.97
1481491822, 1, 24, 284, 231, 0, 0.75%, 0, 0, 5, 1198.87
1481491832, 1, 30, 284, 230, 0, 0.75%, 0, 0, 5, 1173.55
1481491847, 1, 32, 284, 229, 0, 0.75%, 0, 0, 5, 1141.86
1481491857, 1, 36, 284, 228, 0, 0.75%, 0, 0, 5, 1245.35
1481491868, 1, 38, 285, 228, 0, 0.75%, 0, 0, 5, 1297.22
1481491878, 1, 46, 285, 227, 0, 0.75%, 0, 0, 5, 1212.50
1481491893, 1, 49, 285, 226, 0, 0.75%, 0, 0, 5, 1200.13
1481491903, 1, 54, 285, 225, 0, 0.75%, 0, 0, 5, 1181.68
1481491918, 1, 58, 285, 224, 0, 0.75%, 0, 0, 5, 1310.48
1481491929, 1, 64, 285, 223, 0, 0.75%, 0, 0, 5, 1238.91
1481491939, 1, 79, 285, 221, 0, 0.75%, 0, 0, 5, 1328.69
1481491949, 1, 82, 285, 219, 0, 0.75%, 0, 0, 5, 1438.32
1481491959, 1, 93, 285, 218, 0, 0.75%, 0, 0, 5, 1240.53
1481491975, 1, 95, 286, 218, 0, 0.75%, 0, 0, 5, 1187.12
1481491985, 1, 96, 286, 217, 0, 0.75%, 0, 0, 5, 1144.79
1481491995, 1, 97, 286, 216, 0, 0.75%, 0, 0, 5, 1149.45
1481492020, 1, 103, 286, 215, 0, 0.75%, 0, 0, 5, 1368.72
1481492026, 1, 105, 286, 214, 0, 0.75%, 0, 0, 5, 1282.22
1481492051, 1, 114, 286, 213, 0, 0.75%, 0, 0, 5, 1213.47
1481492056, 1, 121, 286, 212, 0, 0.75%, 0, 0, 5, 1181.53
1481492066, 1, 122, 286, 211, 0, 0.75%, 0, 0, 5, 1168.35
1481492092, 1, 123, 287, 211, 0, 0.75%, 0, 0, 5, 1101.88
1481492112, 1, 124, 287, 210, 0, 0.75%, 0, 0, 5, 1181.98
1481492138, 1, 127, 287, 209, 0, 0.75%, 0, 0, 5, 1319.61
1481492153, 1, 139, 287, 207, 0, 0.75%, 0, 0, 5, 1269.95
1481492163, 1, 146, 287, 206, 0, 0.75%, 0, 0, 5, 1173.83
1481492178, 1, 146, 290, 209, 0, 0.75%, 0, 0, 5, 1247.74
1481492184, 1, 156, 290, 208, 0, 0.75%, 0, 0, 5, 1276.72
1481492189, 1, 158, 290, 207, 0, 0.75%, 0, 0, 5, 1229.90
1481492199, 1, 162, 290, 206, 0, 0.75%, 0, 0, 5, 1073.59
1481492219, 1, 164, 290, 205, 0, 0.75%, 0, 0, 5, 1096.80
1481492234, 1, 173, 290, 204, 0, 0.75%, 0, 0, 5, 1181.85
